B (T)	X1(V)	Y1 (V)	X2(V)	Y2(V)	X3 (V)	Y3 (V)	X4 (V)	Y4 (V)	SensA (V)	SensB (V)
0.00000E+0	4.16759E-3	-8.10627E-4	3.57629E-6	9.27452E-4	-9.71842E-7	-6.98495E-10	0.00000E+0	0.00000E+0	2.00020E+0	0.00000E+0
0.00000E+0	4.16568E-3	-8.10627E-4	6.43733E-6	7.40532E-4	-9.71842E-7	-7.56703E-10	0.00000E+0	0.00000E+0	1.99860E+0	0.00000E+0
-2.20930E+0	4.16282E-3	-8.10627E-4	5.84128E-6	5.76857E-4	-9.71726E-7	-8.14911E-10	0.00000E+0	0.00000E+0	2.00120E+0	0.00000E+0
-2.19210E+0	4.15900E-3	-8.10627E-4	5.00682E-6	4.84588E-4	-9.71435E-7	-8.14911E-10	0.00000E+0	0.00000E+0	1.99900E+0	0.00000E+0
-2.17500E+0	4.15424E-3	-8.10627E-4	4.17235E-6	4.34281E-4	-9.71144E-7	-8.14911E-10	0.00000E+0	0.00000E+0	1.99660E+0	0.00000E+0
-2.15780E+0	4.14756E-3	-8.09673E-4	3.57629E-6	3.70743E-4	-9.70562E-7	-7.56703E-10	0.00000E+0	0.00000E+0	2.00240E+0	0.00000E+0
-2.14070E+0	4.13516E-3	-8.08720E-4	2.74183E-6	3.43921E-4	-9.70154E-7	-6.40288E-10	0.00000E+0	0.00000E+0	2.00150E+0	0.00000E+0
-2.12350E+0	4.12562E-3	-8.06812E-4	2.26499E-6	3.48331E-4	-9.69572E-7	-5.82080E-10	0.00000E+0	0.00000E+0	1.99820E+0	0.00000E+0
-2.10640E+0	4.10751E-3	-8.04905E-4	1.78815E-6	3.71577E-4	-9.69048E-7	-5.23873E-10	0.00000E+0	0.00000E+0	1.99850E+0	0.00000E+0
-2.08920E+0	4.08843E-3	-8.02044E-4	1.78815E-6	4.18784E-4	-9.68583E-7	-4.07455E-10	0.00000E+0	0.00000E+0	2.00050E+0	0.00000E+0
-2.07210E+0	4.07031E-3	-7.98229E-4	1.90736E-6	4.71236E-4	-9.68234E-7	-2.91040E-10	0.00000E+0	0.00000E+0	1.99830E+0	0.00000E+0
-2.05490E+0	4.04838E-3	-7.95368E-4	2.26499E-6	5.43121E-4	-9.67826E-7	-2.32832E-10	0.00000E+0	0.00000E+0	1.99910E+0	0.00000E+0
-2.03780E+0	4.01500E-3	-7.88692E-4	2.86104E-6	6.60662E-4	-9.67360E-7	-1.16416E-10	0.00000E+0	0.00000E+0	1.99790E+0	0.00000E+0
-2.02060E+0	3.95492E-3	-7.77248E-4	3.69550E-6	8.74046E-4	-9.66837E-7	5.82081E-11	0.00000E+0	0.00000E+0	1.99990E+0	0.00000E+0
-2.00340E+0	3.91296E-3	-7.68665E-4	5.00682E-6	1.00852E-3	-9.66604E-7	1.74624E-10	0.00000E+0	0.00000E+0	1.99780E+0	0.00000E+0
-1.98630E+0	3.85763E-3	-7.58175E-4	5.96049E-6	1.24837E-3	-9.66313E-7	2.91040E-10	0.00000E+0	0.00000E+0	1.99970E+0	0.00000E+0
-1.96910E+0	3.79469E-3	-7.45777E-4	6.79496E-6	1.47534E-3	-9.66138E-7	4.65665E-10	0.00000E+0	0.00000E+0	1.99820E+0	0.00000E+0
-1.95200E+0	3.73842E-3	-7.33379E-4	7.15259E-6	1.71018E-3	-9.65963E-7	5.23873E-10	0.00000E+0	0.00000E+0	1.99890E+0	0.00000E+0
-1.93480E+0	3.66499E-3	-7.19074E-4	7.03338E-6	1.98616E-3	-9.65963E-7	6.98495E-10	0.00000E+0	0.00000E+0	1.99840E+0	0.00000E+0
-1.91770E+0	3.60109E-3	-7.06676E-4	6.79496E-6	2.18429E-3	-9.66022E-7	7.56703E-10	0.00000E+0	0.00000E+0	1.99720E+0	0.00000E+0
-1.90050E+0	3.54482E-3	-6.96186E-4	6.43733E-6	2.18429E-3	-9.66138E-7	8.14911E-10	0.00000E+0	0.00000E+0	1.99950E+0	0.00000E+0
-1.88340E+0	3.47807E-3	-6.82835E-4	5.84128E-6	2.18429E-3	-9.66371E-7	8.73118E-10	0.00000E+0	0.00000E+0	2.00270E+0	0.00000E+0
-1.86620E+0	3.42084E-3	-6.71390E-4	5.24524E-6	2.18429E-3	-9.66662E-7	9.31330E-10	0.00000E+0	0.00000E+0	1.99930E+0	0.00000E+0
-1.84910E+0	3.37602E-3	-6.62807E-4	4.64919E-6	2.18429E-3	-9.67011E-7	9.31330E-10	0.00000E+0	0.00000E+0	2.00040E+0	0.00000E+0
-1.83190E+0	3.33025E-3	-6.54224E-4	4.17235E-6	2.18429E-3	-9.67535E-7	8.73118E-10	0.00000E+0	0.00000E+0	1.99800E+0	0.00000E+0
-1.81480E+0	3.28447E-3	-6.44688E-4	4.05314E-6	2.18429E-3	-9.68059E-7	7.56703E-10	0.00000E+0	0.00000E+0	1.99790E+0	0.00000E+0
-1.79760E+0	3.24537E-3	-6.36104E-4	4.29156E-6	2.18429E-3	-9.68525E-7	6.98495E-10	0.00000E+0	0.00000E+0	1.99840E+0	0.00000E+0
-1.78050E+0	3.21580E-3	-6.29429E-4	4.52998E-6	2.18429E-3	-9.68990E-7	5.23873E-10	0.00000E+0	0.00000E+0	1.99750E+0	0.00000E+0
-1.76330E+0	3.18624E-3	-6.23707E-4	4.88761E-6	2.18429E-3	-9.69398E-7	3.49248E-10	0.00000E+0	0.00000E+0	2.00130E+0	0.00000E+0
-1.74610E+0	3.16240E-3	-6.17985E-4	5.36445E-6	2.18429E-3	-9.69863E-7	1.74624E-10	0.00000E+0	0.00000E+0	2.00030E+0	0.00000E+0
-1.72900E+0	3.14046E-3	-6.13216E-4	5.84128E-6	2.18429E-3	-9.70271E-7	0.00000E+0	0.00000E+0	0.00000E+0	1.99800E+0	0.00000E+0
-1.71180E+0	3.12616E-3	-6.09402E-4	5.96049E-6	1.91141E-3	-9.70504E-7	-1.74624E-10	0.00000E+0	0.00000E+0	1.99740E+0	0.00000E+0
-1.69470E+0	3.11567E-3	-6.07494E-4	5.84128E-6	1.66703E-3	-9.70678E-7	-3.49248E-10	0.00000E+0	0.00000E+0	1.99990E+0	0.00000E+0
-1.67750E+0	3.10709E-3	-6.05587E-4	5.48366E-6	1.38582E-3	-9.70736E-7	-5.23873E-10	0.00000E+0	0.00000E+0	2.00070E+0	0.00000E+0
-1.66040E+0	3.09755E-3	-6.04633E-4	4.88761E-6	1.14299E-3	-9.70678E-7	-5.82080E-10	0.00000E+0	0.00000E+0	1.99980E+0	0.00000E+0
-1.64320E+0	3.08706E-3	-6.02726E-4	4.29156E-6	9.91829E-4	-9.70445E-7	-5.82080E-10	0.00000E+0	0.00000E+0	1.99940E+0	0.00000E+0
-1.62610E+0	3.07657E-3	-6.01772E-4	3.57629E-6	9.12670E-4	-9.70154E-7	-5.82080E-10	0.00000E+0	0.00000E+0	1.99900E+0	0.00000E+0
-1.60890E+0	3.06036E-3	-5.98911E-4	3.21867E-6	8.67847E-4	-9.69922E-7	-5.82080E-10	0.00000E+0	0.00000E+0	1.99960E+0	0.00000E+0
-1.59180E+0	3.03556E-3	-5.94143E-4	3.09946E-6	8.72139E-4	-9.69630E-7	-5.23873E-10	0.00000E+0	0.00000E+0	1.99770E+0	0.00000E+0
-1.57460E+0	2.99646E-3	-5.86513E-4	3.45708E-6	9.51771E-4	-9.69456E-7	-4.65665E-10	0.00000E+0	0.00000E+0	1.99910E+0	0.00000E+0
-1.55750E+0	2.95641E-3	-5.78884E-4	3.93394E-6	1.07682E-3	-9.69339E-7	-4.07455E-10	0.00000E+0	0.00000E+0	2.00080E+0	0.00000E+0
-1.54030E+0	2.91540E-3	-5.70301E-4	4.64919E-6	1.24658E-3	-9.69281E-7	-2.91040E-10	0.00000E+0	0.00000E+0	1.99920E+0	0.00000E+0
-1.52310E+0	2.86295E-3	-5.59811E-4	5.48366E-6	1.46807E-3	-9.69339E-7	-2.32832E-10	0.00000E+0	0.00000E+0	1.99650E+0	0.00000E+0
-1.50600E+0	2.81049E-3	-5.49320E-4	6.19891E-6	1.68134E-3	-9.69398E-7	-1.74624E-10	0.00000E+0	0.00000E+0	1.99850E+0	0.00000E+0
-1.48880E+0	2.75804E-3	-5.38830E-4	6.43733E-6	1.91332E-3	-9.69514E-7	-5.82081E-11	0.00000E+0	0.00000E+0	1.99860E+0	0.00000E+0
-1.47170E+0	2.70559E-3	-5.28339E-4	6.55654E-6	2.11944E-3	-9.69630E-7	0.00000E+0	0.00000E+0	0.00000E+0	2.00130E+0	0.00000E+0
-1.45450E+0	2.66172E-3	-5.19756E-4	6.43733E-6	2.18429E-3	-9.69805E-7	5.82081E-11	0.00000E+0	0.00000E+0	2.00090E+0	0.00000E+0
-1.43740E+0	2.61976E-3	-5.12127E-4	5.96049E-6	2.18429E-3	-9.69863E-7	5.82081E-11	0.00000E+0	0.00000E+0	2.00100E+0	0.00000E+0
-1.42020E+0	2.58161E-3	-5.04497E-4	5.72208E-6	2.18429E-3	-9.69980E-7	0.00000E+0	0.00000E+0	0.00000E+0	2.00050E+0	0.00000E+0
-1.40310E+0	2.55109E-3	-4.98775E-4	5.24524E-6	2.18429E-3	-9.70038E-7	0.00000E+0	0.00000E+0	0.00000E+0	1.99780E+0	0.00000E+0
-1.38590E+0	2.52534E-3	-4.93053E-4	5.00682E-6	2.18429E-3	-9.70038E-7	-1.16416E-10	0.00000E+0	0.00000E+0	1.99820E+0	0.00000E+0
-1.36880E+0	2.50055E-3	-4.88285E-4	4.88761E-6	1.98235E-3	-9.70096E-7	-2.32832E-10	0.00000E+0	0.00000E+0	1.99850E+0	0.00000E+0
-1.35160E+0	2.47957E-3	-4.83515E-4	4.64919E-6	1.74487E-3	-9.70154E-7	-3.49248E-10	0.00000E+0	0.00000E+0	1.99800E+0	0.00000E+0
-1.33450E+0	2.46240E-3	-4.80654E-4	4.17235E-6	1.55068E-3	-9.70154E-7	-4.07455E-10	0.00000E+0	0.00000E+0	2.00160E+0	0.00000E+0
-1.31730E+0	2.44333E-3	-4.77793E-4	3.81473E-6	1.38868E-3	-9.70213E-7	-5.23873E-10	0.00000E+0	0.00000E+0	1.99890E+0	0.00000E+0
-1.30020E+0	2.42044E-3	-4.73978E-4	3.81473E-6	1.31477E-3	-9.70271E-7	-5.82080E-10	0.00000E+0	0.00000E+0	1.99710E+0	0.00000E+0
-1.28300E+0	2.38992E-3	-4.68256E-4	4.05314E-6	1.32585E-3	-9.70329E-7	-5.82080E-10	0.00000E+0	0.00000E+0	1.99880E+0	0.00000E+0
-1.26580E+0	2.35464E-3	-4.59673E-4	4.64919E-6	1.41574E-3	-9.70445E-7	-5.23873E-10	0.00000E+0	0.00000E+0	1.99650E+0	0.00000E+0
-1.24870E+0	2.32221E-3	-4.52997E-4	5.24524E-6	1.54103E-3	-9.70387E-7	-4.65665E-10	0.00000E+0	0.00000E+0	2.00010E+0	0.00000E+0
-1.23150E+0	2.28597E-3	-4.45368E-4	5.84128E-6	1.71757E-3	-9.70445E-7	-4.07455E-10	0.00000E+0	0.00000E+0	2.00010E+0	0.00000E+0
-1.21440E+0	2.24020E-3	-4.36785E-4	6.19891E-6	1.90211E-3	-9.70445E-7	-2.91040E-10	0.00000E+0	0.00000E+0	2.00090E+0	0.00000E+0
-1.19720E+0	2.19442E-3	-4.28202E-4	5.96049E-6	2.04410E-3	-9.70329E-7	-2.32832E-10	0.00000E+0	0.00000E+0	1.99800E+0	0.00000E+0
-1.18010E+0	2.15627E-3	-4.21526E-4	5.60287E-6	2.11371E-3	-9.70213E-7	-1.74624E-10	0.00000E+0	0.00000E+0	1.99650E+0	0.00000E+0
-1.16290E+0	2.12194E-3	-4.14850E-4	5.24524E-6	2.10418E-3	-9.70096E-7	-2.32832E-10	0.00000E+0	0.00000E+0	1.99910E+0	0.00000E+0
-1.14580E+0	2.08856E-3	-4.08174E-4	4.88761E-6	2.01274E-3	-9.70038E-7	-2.91040E-10	0.00000E+0	0.00000E+0	1.99910E+0	0.00000E+0
-1.12860E+0	2.06186E-3	-4.03406E-4	4.29156E-6	1.87243E-3	-9.70096E-7	-3.49248E-10	0.00000E+0	0.00000E+0	1.99910E+0	0.00000E+0
-1.11150E+0	2.03802E-3	-3.98638E-4	3.93394E-6	1.75048E-3	-9.70213E-7	-4.07455E-10	0.00000E+0	0.00000E+0	1.99910E+0	0.00000E+0
-1.09430E+0	2.01227E-3	-3.92916E-4	4.17235E-6	1.65511E-3	-9.70504E-7	-5.23873E-10	0.00000E+0	0.00000E+0	1.99840E+0	0.00000E+0
-1.07720E+0	1.98175E-3	-3.87194E-4	4.64919E-6	1.65082E-3	-9.70678E-7	-5.23873E-10	0.00000E+0	0.00000E+0	1.99720E+0	0.00000E+0
-1.06000E+0	1.95314E-3	-3.81472E-4	5.24524E-6	1.72735E-3	-9.70678E-7	-5.23873E-10	0.00000E+0	0.00000E+0	2.00070E+0	0.00000E+0
-1.04290E+0	1.91785E-3	-3.74796E-4	5.48366E-6	1.84239E-3	-9.70562E-7	-4.07455E-10	0.00000E+0	0.00000E+0	2.00170E+0	0.00000E+0
-1.02570E+0	1.87970E-3	-3.67166E-4	5.72208E-6	1.95874E-3	-9.70445E-7	-3.49248E-10	0.00000E+0	0.00000E+0	1.99790E+0	0.00000E+0
-1.00850E+0	1.84251E-3	-3.59537E-4	5.36445E-6	2.03277E-3	-9.70213E-7	-3.49248E-10	0.00000E+0	0.00000E+0	2.00010E+0	0.00000E+0
-9.91400E-1	1.80722E-3	-3.52861E-4	4.88761E-6	2.03969E-3	-9.70154E-7	-3.49248E-10	0.00000E+0	0.00000E+0	1.99860E+0	0.00000E+0
-9.74200E-1	1.77575E-3	-3.47139E-4	4.41077E-6	1.98270E-3	-9.70213E-7	-4.07455E-10	0.00000E+0	0.00000E+0	2.00010E+0	0.00000E+0
-9.57100E-1	1.74523E-3	-3.41417E-4	4.29156E-6	1.87827E-3	-9.70445E-7	-5.23873E-10	0.00000E+0	0.00000E+0	2.00030E+0	0.00000E+0
-9.39900E-1	1.71376E-3	-3.34742E-4	4.52998E-6	1.82606E-3	-9.70678E-7	-5.23873E-10	0.00000E+0	0.00000E+0	1.99930E+0	0.00000E+0
-9.22800E-1	1.68706E-3	-3.29020E-4	5.00682E-6	1.86194E-3	-9.70620E-7	-5.23873E-10	0.00000E+0	0.00000E+0	1.99950E+0	0.00000E+0
-9.05600E-1	1.65749E-3	-3.24251E-4	5.36445E-6	1.93430E-3	-9.70504E-7	-4.07455E-10	0.00000E+0	0.00000E+0	1.99920E+0	0.00000E+0
-8.88500E-1	1.61839E-3	-3.15668E-4	5.36445E-6	1.99856E-3	-9.70387E-7	-4.07455E-10	0.00000E+0	0.00000E+0	1.99940E+0	0.00000E+0
-8.71300E-1	1.58311E-3	-3.08992E-4	4.88761E-6	2.02323E-3	-9.70329E-7	-4.07455E-10	0.00000E+0	0.00000E+0	2.00090E+0	0.00000E+0
-8.54400E-1	1.54973E-3	-3.03270E-4	4.64919E-6	1.99713E-3	-9.70387E-7	-4.65665E-10	0.00000E+0	0.00000E+0	2.00110E+0	0.00000E+0
-8.37200E-1	1.52303E-3	-2.97548E-4	4.52998E-6	1.96888E-3	-9.70504E-7	-5.23873E-10	0.00000E+0	0.00000E+0	1.99960E+0	0.00000E+0
-8.20100E-1	1.49442E-3	-2.91826E-4	4.64919E-6	1.96494E-3	-9.70504E-7	-4.65665E-10	0.00000E+0	0.00000E+0	2.00000E+0	0.00000E+0
-8.02900E-1	1.46199E-3	-2.86104E-4	5.00682E-6	1.99045E-3	-9.70504E-7	-4.65665E-10	0.00000E+0	0.00000E+0	1.99990E+0	0.00000E+0
-7.85800E-1	1.42766E-3	-2.79428E-4	5.00682E-6	2.03218E-3	-9.70445E-7	-4.65665E-10	0.00000E+0	0.00000E+0	1.99850E+0	0.00000E+0
-7.68600E-1	1.39237E-3	-2.71799E-4	4.88761E-6	2.03337E-3	-9.70504E-7	-4.65665E-10	0.00000E+0	0.00000E+0	1.99950E+0	0.00000E+0
-7.51500E-1	1.36185E-3	-2.66077E-4	4.76840E-6	2.02002E-3	-9.70562E-7	-5.23873E-10	0.00000E+0	0.00000E+0	1.99790E+0	0.00000E+0
-7.34300E-1	1.33229E-3	-2.60355E-4	4.76840E-6	2.01251E-3	-9.70562E-7	-5.23873E-10	0.00000E+0	0.00000E+0	1.99660E+0	0.00000E+0
-7.17200E-1	1.29987E-3	-2.53679E-4	5.00682E-6	2.03432E-3	-9.70504E-7	-5.23873E-10	0.00000E+0	0.00000E+0	1.99820E+0	0.00000E+0
-7.00000E-1	1.26744E-3	-2.47957E-4	4.88761E-6	2.06007E-3	-9.70504E-7	-5.23873E-10	0.00000E+0	0.00000E+0	1.99820E+0	0.00000E+0
-6.82900E-1	1.23502E-3	-2.41281E-4	4.76840E-6	2.05161E-3	-9.70562E-7	-5.23873E-10	0.00000E+0	0.00000E+0	1.99770E+0	0.00000E+0
-6.65700E-1	1.20450E-3	-2.35558E-4	4.76840E-6	2.05387E-3	-9.70620E-7	-5.23873E-10	0.00000E+0	0.00000E+0	2.00060E+0	0.00000E+0
-6.48500E-1	1.17017E-3	-2.28883E-4	4.88761E-6	2.05888E-3	-9.70620E-7	-5.23873E-10	0.00000E+0	0.00000E+0	2.00050E+0	0.00000E+0
-6.31400E-1	1.13869E-3	-2.22207E-4	4.88761E-6	2.06901E-3	-9.70678E-7	-5.23873E-10	0.00000E+0	0.00000E+0	1.99700E+0	0.00000E+0
-6.14200E-1	1.10722E-3	-2.16485E-4	4.88761E-6	2.06865E-3	-9.70678E-7	-5.82080E-10	0.00000E+0	0.00000E+0	1.99900E+0	0.00000E+0
-5.97100E-1	1.07480E-3	-2.09809E-4	4.76840E-6	2.07616E-3	-9.70678E-7	-5.82080E-10	0.00000E+0	0.00000E+0	2.00120E+0	0.00000E+0
-5.79900E-1	1.04142E-3	-2.04087E-4	4.88761E-6	2.07473E-3	-9.70736E-7	-5.82080E-10	0.00000E+0	0.00000E+0	1.99470E+0	0.00000E+0
-5.62800E-1	1.00899E-3	-1.97412E-4	4.88761E-6	2.07247E-3	-9.70795E-7	-5.82080E-10	0.00000E+0	0.00000E+0	2.00250E+0	0.00000E+0
-5.45600E-1	9.76570E-4	-1.90736E-4	4.88761E-6	2.08141E-3	-9.70795E-7	-5.82080E-10	0.00000E+0	0.00000E+0	1.99880E+0	0.00000E+0
-5.28500E-1	9.45095E-4	-1.84060E-4	4.88761E-6	2.08308E-3	-9.70795E-7	-5.82080E-10	0.00000E+0	0.00000E+0	1.99970E+0	0.00000E+0
-5.11300E-1	9.13624E-4	-1.78338E-4	4.88761E-6	2.08832E-3	-9.70795E-7	-5.82080E-10	0.00000E+0	0.00000E+0	1.99860E+0	0.00000E+0
-4.94200E-1	8.82152E-4	-1.72616E-4	4.88761E-6	2.09631E-3	-9.70853E-7	-6.40288E-10	0.00000E+0	0.00000E+0	1.99850E+0	0.00000E+0
-4.77000E-1	8.48774E-4	-1.65940E-4	4.88761E-6	2.08725E-3	-9.70911E-7	-6.40288E-10	0.00000E+0	0.00000E+0	1.99670E+0	0.00000E+0
-4.59900E-1	8.17303E-4	-1.60218E-4	4.88761E-6	2.10060E-3	-9.70911E-7	-6.40288E-10	0.00000E+0	0.00000E+0	1.99730E+0	0.00000E+0
-4.42700E-1	7.85831E-4	-1.53542E-4	5.00682E-6	2.10585E-3	-9.70911E-7	-6.40288E-10	0.00000E+0	0.00000E+0	1.99970E+0	0.00000E+0
-4.25600E-1	7.54360E-4	-1.47820E-4	4.88761E-6	2.11574E-3	-9.70911E-7	-6.40288E-10	0.00000E+0	0.00000E+0	1.99880E+0	0.00000E+0
-4.08400E-1	7.23843E-4	-1.41145E-4	4.76840E-6	2.12051E-3	-9.70969E-7	-6.40288E-10	0.00000E+0	0.00000E+0	1.99910E+0	0.00000E+0
-3.91200E-1	6.91418E-4	-1.35423E-4	4.88761E-6	2.12707E-3	-9.70969E-7	-6.40288E-10	0.00000E+0	0.00000E+0	2.00220E+0	0.00000E+0
-3.74100E-1	6.59946E-4	-1.28747E-4	5.00682E-6	2.13815E-3	-9.70969E-7	-6.40288E-10	0.00000E+0	0.00000E+0	1.99780E+0	0.00000E+0
-3.56900E-1	6.26568E-4	-1.22071E-4	4.88761E-6	2.12397E-3	-9.71086E-7	-6.98495E-10	0.00000E+0	0.00000E+0	1.99940E+0	0.00000E+0
-3.39800E-1	5.93189E-4	-1.15395E-4	4.88761E-6	2.12039E-3	-9.71086E-7	-6.98495E-10	0.00000E+0	0.00000E+0	1.99790E+0	0.00000E+0
-3.22600E-1	5.61718E-4	-1.09673E-4	5.00682E-6	2.13088E-3	-9.71086E-7	-6.98495E-10	0.00000E+0	0.00000E+0	2.00110E+0	0.00000E+0
-3.05500E-1	5.30247E-4	-1.03951E-4	5.00682E-6	2.13076E-3	-9.71144E-7	-7.56703E-10	0.00000E+0	0.00000E+0	1.99570E+0	0.00000E+0
-2.88300E-1	4.97822E-4	-9.82289E-5	4.88761E-6	2.12528E-3	-9.71202E-7	-7.56703E-10	0.00000E+0	0.00000E+0	2.00030E+0	0.00000E+0
-2.71200E-1	4.67302E-4	-9.15532E-5	5.00682E-6	2.13875E-3	-9.71202E-7	-7.56703E-10	0.00000E+0	0.00000E+0	2.00010E+0	0.00000E+0
-2.54000E-1	4.35831E-4	-8.48775E-5	4.88761E-6	2.14805E-3	-9.71202E-7	-7.56703E-10	0.00000E+0	0.00000E+0	1.99980E+0	0.00000E+0
-2.36900E-1	4.02452E-4	-7.91554E-5	5.00682E-6	2.14542E-3	-9.71260E-7	-7.56703E-10	0.00000E+0	0.00000E+0	1.99890E+0	0.00000E+0
-2.19700E-1	3.70027E-4	-7.24797E-5	4.88761E-6	2.13625E-3	-9.71319E-7	-7.56703E-10	0.00000E+0	0.00000E+0	1.99880E+0	0.00000E+0
-2.02600E-1	3.38556E-4	-6.67577E-5	5.00682E-6	2.14471E-3	-9.71260E-7	-7.56703E-10	0.00000E+0	0.00000E+0	2.00170E+0	0.00000E+0
-1.85400E-1	3.07085E-4	-6.00817E-5	5.00682E-6	2.14900E-3	-9.71319E-7	-7.56703E-10	0.00000E+0	0.00000E+0	2.00030E+0	0.00000E+0
-1.68300E-1	2.74660E-4	-5.34060E-5	5.12603E-6	2.14745E-3	-9.71319E-7	-8.14911E-10	0.00000E+0	0.00000E+0	1.99950E+0	0.00000E+0
-1.51100E-1	2.43188E-4	-4.76839E-5	5.00682E-6	2.15258E-3	-9.71377E-7	-8.14911E-10	0.00000E+0	0.00000E+0	1.99630E+0	0.00000E+0
-1.33900E-1	2.10763E-4	-4.19619E-5	5.00682E-6	2.15127E-3	-9.71377E-7	-8.14911E-10	0.00000E+0	0.00000E+0	1.99960E+0	0.00000E+0
-1.16800E-1	1.79292E-4	-3.52862E-5	5.00682E-6	2.14697E-3	-9.71435E-7	-8.14911E-10	0.00000E+0	0.00000E+0	1.99940E+0	0.00000E+0
-9.96000E-2	1.46867E-4	-2.95640E-5	5.00682E-6	2.16068E-3	-9.71377E-7	-8.14911E-10	0.00000E+0	0.00000E+0	1.99830E+0	1.07530E+0
-8.25000E-2	1.14441E-4	-2.28883E-5	5.00682E-6	2.16366E-3	-9.71377E-7	-8.14911E-10	0.00000E+0	0.00000E+0	1.99980E+0	1.09630E+0
-6.53000E-2	8.29701E-5	-1.62126E-5	5.00682E-6	2.16641E-3	-9.71435E-7	-8.14911E-10	0.00000E+0	0.00000E+0	1.99750E+0	1.12520E+0
-4.82000E-2	5.05450E-5	-1.04905E-5	5.00682E-6	2.16784E-3	-9.71377E-7	-8.14911E-10	0.00000E+0	0.00000E+0	1.99910E+0	1.14660E+0
-3.10000E-2	1.90736E-5	-3.81473E-6	5.00682E-6	2.17892E-3	-9.71435E-7	-8.14911E-10	0.00000E+0	0.00000E+0	2.00040E+0	1.16710E+0
-1.39000E-2	-1.33515E-5	1.90736E-6	5.00682E-6	2.16796E-3	-9.71435E-7	-8.14911E-10	0.00000E+0	0.00000E+0	1.99810E+0	1.16190E+0
3.30000E-3	-4.67303E-5	8.58313E-6	5.00682E-6	2.17678E-3	-9.71435E-7	-8.14911E-10	0.00000E+0	0.00000E+0	1.99680E+0	1.14690E+0
2.04000E-2	-7.82018E-5	1.52589E-5	4.88761E-6	2.17177E-3	-9.71435E-7	-8.14911E-10	0.00000E+0	0.00000E+0	1.99900E+0	1.11880E+0
3.76000E-2	-1.10627E-4	2.09810E-5	4.88761E-6	2.17976E-3	-9.71435E-7	-8.14911E-10	0.00000E+0	0.00000E+0	1.99940E+0	1.01650E+0
5.47000E-2	-1.42098E-4	2.76567E-5	4.88761E-6	2.17451E-3	-9.71435E-7	-8.14911E-10	0.00000E+0	0.00000E+0	2.00110E+0	0.00000E+0
7.19000E-2	-1.74523E-4	3.33788E-5	4.76840E-6	2.17773E-3	-9.71435E-7	-8.14911E-10	0.00000E+0	0.00000E+0	1.99910E+0	0.00000E+0
8.90000E-2	-2.05995E-4	3.91009E-5	4.76840E-6	2.18035E-3	-9.71377E-7	-8.14911E-10	0.00000E+0	0.00000E+0	2.00000E+0	0.00000E+0
1.06200E-1	-2.39373E-4	4.57766E-5	4.76840E-6	2.17821E-3	-9.71377E-7	-8.14911E-10	0.00000E+0	0.00000E+0	1.99920E+0	0.00000E+0
1.23400E-1	-2.70845E-4	5.24523E-5	4.76840E-6	2.18429E-3	-9.71319E-7	-8.14911E-10	0.00000E+0	0.00000E+0	2.00070E+0	0.00000E+0
1.40500E-1	-3.04224E-4	5.91280E-5	4.76840E-6	2.18429E-3	-9.71319E-7	-8.14911E-10	0.00000E+0	0.00000E+0	1.99970E+0	0.00000E+0
1.57700E-1	-3.36649E-4	6.48503E-5	4.76840E-6	2.18429E-3	-9.71202E-7	-8.14911E-10	0.00000E+0	0.00000E+0	2.00260E+0	0.00000E+0
1.74800E-1	-3.70027E-4	7.15260E-5	4.52998E-6	2.18429E-3	-9.71202E-7	-7.56703E-10	0.00000E+0	0.00000E+0	2.00040E+0	0.00000E+0
1.92000E-1	-4.01499E-4	7.72481E-5	4.52998E-6	2.18429E-3	-9.71202E-7	-8.14911E-10	0.00000E+0	0.00000E+0	2.00060E+0	0.00000E+0
2.09100E-1	-4.32970E-4	8.39238E-5	4.52998E-6	2.18429E-3	-9.71202E-7	-7.56703E-10	0.00000E+0	0.00000E+0	2.00120E+0	0.00000E+0
2.26300E-1	-4.66349E-4	9.05995E-5	4.52998E-6	2.18429E-3	-9.71144E-7	-7.56703E-10	0.00000E+0	0.00000E+0	1.99640E+0	0.00000E+0
2.43400E-1	-4.97822E-4	9.72752E-5	4.52998E-6	2.18429E-3	-9.71202E-7	-8.14911E-10	0.00000E+0	0.00000E+0	2.00020E+0	0.00000E+0
2.60600E-1	-5.30247E-4	1.02997E-4	4.52998E-6	2.18429E-3	-9.71202E-7	-8.14911E-10	0.00000E+0	0.00000E+0	2.00050E+0	0.00000E+0
2.77700E-1	-5.60764E-4	1.08719E-4	4.29156E-6	2.18429E-3	-9.71144E-7	-8.14911E-10	0.00000E+0	0.00000E+0	2.00180E+0	0.00000E+0
2.94900E-1	-5.93189E-4	1.14441E-4	4.41077E-6	2.18309E-3	-9.71202E-7	-8.14911E-10	0.00000E+0	0.00000E+0	1.99960E+0	0.00000E+0
3.12000E-1	-6.24660E-4	1.21117E-4	4.17235E-6	2.18011E-3	-9.71202E-7	-8.14911E-10	0.00000E+0	0.00000E+0	1.99930E+0	0.00000E+0
3.29200E-1	-6.56132E-4	1.27793E-4	4.29156E-6	2.18071E-3	-9.71144E-7	-8.14911E-10	0.00000E+0	0.00000E+0	2.00040E+0	0.00000E+0
3.46400E-1	-6.89510E-4	1.34469E-4	4.17235E-6	2.18190E-3	-9.71144E-7	-7.56703E-10	0.00000E+0	0.00000E+0	1.99430E+0	0.00000E+0
3.63500E-1	-7.22889E-4	1.40191E-4	4.05314E-6	2.18429E-3	-9.71027E-7	-7.56703E-10	0.00000E+0	0.00000E+0	2.00030E+0	0.00000E+0
3.80700E-1	-7.56267E-4	1.46867E-4	4.05314E-6	2.18429E-3	-9.71027E-7	-7.56703E-10	0.00000E+0	0.00000E+0	1.99740E+0	0.00000E+0
3.97800E-1	-7.87739E-4	1.52589E-4	3.93394E-6	2.18429E-3	-9.70969E-7	-7.56703E-10	0.00000E+0	0.00000E+0	2.00080E+0	0.00000E+0
4.15000E-1	-8.20164E-4	1.59265E-4	3.93394E-6	2.18429E-3	-9.70969E-7	-7.56703E-10	0.00000E+0	0.00000E+0	1.99950E+0	0.00000E+0
4.32100E-1	-8.53542E-4	1.65940E-4	4.05314E-6	2.18429E-3	-9.70911E-7	-7.56703E-10	0.00000E+0	0.00000E+0	1.99960E+0	0.00000E+0
4.49300E-1	-8.85013E-4	1.72616E-4	3.81473E-6	2.18429E-3	-9.70911E-7	-7.56703E-10	0.00000E+0	0.00000E+0	1.99960E+0	0.00000E+0
4.66400E-1	-9.17438E-4	1.78338E-4	3.81473E-6	2.18429E-3	-9.70853E-7	-7.56703E-10	0.00000E+0	0.00000E+0	2.00210E+0	0.00000E+0
4.83600E-1	-9.49863E-4	1.85014E-4	3.81473E-6	2.18429E-3	-9.70853E-7	-6.98495E-10	0.00000E+0	0.00000E+0	1.99710E+0	0.00000E+0
5.00700E-1	-9.81338E-4	1.90736E-4	3.69550E-6	2.18429E-3	-9.70853E-7	-7.56703E-10	0.00000E+0	0.00000E+0	1.99880E+0	0.00000E+0
5.17900E-1	-1.01281E-3	1.96458E-4	3.57629E-6	2.18429E-3	-9.70853E-7	-6.98495E-10	0.00000E+0	0.00000E+0	2.00160E+0	0.00000E+0
5.35000E-1	-1.04619E-3	2.03134E-4	3.69550E-6	2.18429E-3	-9.70795E-7	-6.98495E-10	0.00000E+0	0.00000E+0	2.00120E+0	0.00000E+0
5.52200E-1	-1.07861E-3	2.09809E-4	3.69550E-6	2.18429E-3	-9.70795E-7	-6.98495E-10	0.00000E+0	0.00000E+0	2.00020E+0	0.00000E+0
5.69300E-1	-1.11008E-3	2.15531E-4	3.57629E-6	2.18429E-3	-9.70795E-7	-6.98495E-10	0.00000E+0	0.00000E+0	1.99670E+0	0.00000E+0
5.86500E-1	-1.14156E-3	2.22207E-4	3.45708E-6	2.18429E-3	-9.70795E-7	-6.98495E-10	0.00000E+0	0.00000E+0	1.99940E+0	0.00000E+0
6.03700E-1	-1.17398E-3	2.27929E-4	3.57629E-6	2.18429E-3	-9.70736E-7	-6.98495E-10	0.00000E+0	0.00000E+0	2.00070E+0	0.00000E+0
6.20800E-1	-1.20736E-3	2.34605E-4	3.45708E-6	2.18429E-3	-9.70736E-7	-6.98495E-10	0.00000E+0	0.00000E+0	1.99800E+0	0.00000E+0
6.38000E-1	-1.24074E-3	2.41281E-4	3.21867E-6	2.18429E-3	-9.70678E-7	-6.40288E-10	0.00000E+0	0.00000E+0	1.99830E+0	0.00000E+0
6.55100E-1	-1.27412E-3	2.47957E-4	3.21867E-6	2.18429E-3	-9.70736E-7	-6.98495E-10	0.00000E+0	0.00000E+0	1.99790E+0	0.00000E+0
6.72300E-1	-1.30273E-3	2.53679E-4	3.45708E-6	2.16712E-3	-9.70795E-7	-6.98495E-10	0.00000E+0	0.00000E+0	2.00030E+0	0.00000E+0
6.89400E-1	-1.33611E-3	2.59401E-4	3.45708E-6	2.18023E-3	-9.70736E-7	-6.98495E-10	0.00000E+0	0.00000E+0	2.00250E+0	0.00000E+0
7.06600E-1	-1.36948E-3	2.67031E-4	3.09946E-6	2.18429E-3	-9.70620E-7	-6.40288E-10	0.00000E+0	0.00000E+0	1.99880E+0	0.00000E+0
7.23700E-1	-1.40382E-3	2.73706E-4	3.09946E-6	2.18429E-3	-9.70620E-7	-6.40288E-10	0.00000E+0	0.00000E+0	1.99950E+0	0.00000E+0
7.40900E-1	-1.43338E-3	2.78475E-4	3.45708E-6	2.16450E-3	-9.70736E-7	-6.98495E-10	0.00000E+0	0.00000E+0	2.00240E+0	0.00000E+0
7.58000E-1	-1.46580E-3	2.85150E-4	3.45708E-6	2.14447E-3	-9.70736E-7	-6.98495E-10	0.00000E+0	0.00000E+0	1.99930E+0	0.00000E+0
7.75200E-1	-1.50014E-3	2.91826E-4	3.21867E-6	2.15985E-3	-9.70562E-7	-6.40288E-10	0.00000E+0	0.00000E+0	2.00170E+0	0.00000E+0
7.92300E-1	-1.53542E-3	2.98502E-4	2.86104E-6	2.18429E-3	-9.70504E-7	-6.40288E-10	0.00000E+0	0.00000E+0	1.99850E+0	0.00000E+0
8.09500E-1	-1.56689E-3	3.05178E-4	2.50341E-6	2.18429E-3	-9.70504E-7	-6.40288E-10	0.00000E+0	0.00000E+0	1.99950E+0	0.00000E+0
8.26600E-1	-1.59550E-3	3.10900E-4	2.62262E-6	2.18429E-3	-9.70620E-7	-6.40288E-10	0.00000E+0	0.00000E+0	1.99620E+0	0.00000E+0
8.43800E-1	-1.62316E-3	3.16622E-4	3.09946E-6	2.12432E-3	-9.70795E-7	-7.56703E-10	0.00000E+0	0.00000E+0	2.00040E+0	0.00000E+0
8.61000E-1	-1.65368E-3	3.22344E-4	3.57629E-6	2.06460E-3	-9.70795E-7	-7.56703E-10	0.00000E+0	0.00000E+0	2.00280E+0	0.00000E+0
8.78100E-1	-1.69183E-3	3.29020E-4	3.57629E-6	2.04505E-3	-9.70678E-7	-7.56703E-10	0.00000E+0	0.00000E+0	1.99890E+0	0.00000E+0
8.95300E-1	-1.72902E-3	3.35695E-4	2.98025E-6	2.08904E-3	-9.70504E-7	-6.40288E-10	0.00000E+0	0.00000E+0	2.00050E+0	0.00000E+0
9.12400E-1	-1.76430E-3	3.43325E-4	2.38420E-6	2.17201E-3	-9.70445E-7	-6.40288E-10	0.00000E+0	0.00000E+0	1.99950E+0	0.00000E+0
9.29600E-1	-1.79005E-3	3.49047E-4	2.02657E-6	2.18429E-3	-9.70504E-7	-6.40288E-10	0.00000E+0	0.00000E+0	2.00130E+0	0.00000E+0
9.46700E-1	-1.81390E-3	3.52861E-4	2.26499E-6	2.18429E-3	-9.70678E-7	-6.40288E-10	0.00000E+0	0.00000E+0	2.00030E+0	0.00000E+0
9.63900E-1	-1.83869E-3	3.58583E-4	2.50341E-6	2.16855E-3	-9.70795E-7	-6.98495E-10	0.00000E+0	0.00000E+0	1.99740E+0	0.00000E+0
9.81000E-1	-1.86539E-3	3.63352E-4	3.21867E-6	2.05971E-3	-9.70969E-7	-8.14911E-10	0.00000E+0	0.00000E+0	2.00150E+0	0.00000E+0
9.98200E-1	-1.90259E-3	3.70981E-4	3.57629E-6	1.94515E-3	-9.70911E-7	-8.14911E-10	0.00000E+0	0.00000E+0	1.99800E+0	0.00000E+0
1.01530E+0	-1.95314E-3	3.80518E-4	3.69550E-6	1.87219E-3	-9.70795E-7	-8.14911E-10	0.00000E+0	0.00000E+0	1.99840E+0	0.00000E+0
1.03250E+0	-1.99796E-3	3.89101E-4	3.21867E-6	1.87851E-3	-9.70562E-7	-7.56703E-10	0.00000E+0	0.00000E+0	2.00090E+0	0.00000E+0
1.04960E+0	-2.03706E-3	3.95777E-4	2.62262E-6	1.94467E-3	-9.70504E-7	-7.56703E-10	0.00000E+0	0.00000E+0	1.99730E+0	0.00000E+0
1.06680E+0	-2.06281E-3	4.01499E-4	2.02657E-6	2.05196E-3	-9.70445E-7	-6.40288E-10	0.00000E+0	0.00000E+0	1.99810E+0	0.00000E+0
1.08400E+0	-2.08475E-3	4.06267E-4	1.66894E-6	2.18429E-3	-9.70445E-7	-5.82080E-10	0.00000E+0	0.00000E+0	1.99960E+0	0.00000E+0
1.10110E+0	-2.10287E-3	4.09128E-4	1.54973E-6	2.18429E-3	-9.70562E-7	-5.82080E-10	0.00000E+0	0.00000E+0	2.00020E+0	0.00000E+0
1.11830E+0	-2.11717E-3	4.12943E-4	1.78815E-6	2.18429E-3	-9.70678E-7	-5.82080E-10	0.00000E+0	0.00000E+0	2.00070E+0	0.00000E+0
1.13540E+0	-2.13434E-3	4.15804E-4	2.26499E-6	2.18429E-3	-9.70853E-7	-6.40288E-10	0.00000E+0	0.00000E+0	2.00190E+0	0.00000E+0
1.15260E+0	-2.15532E-3	4.20572E-4	2.62262E-6	2.18429E-3	-9.70969E-7	-7.56703E-10	0.00000E+0	0.00000E+0	2.00170E+0	0.00000E+0
1.16970E+0	-2.19060E-3	4.27248E-4	3.21867E-6	2.03289E-3	-9.70969E-7	-8.14911E-10	0.00000E+0	0.00000E+0	1.99560E+0	0.00000E+0
1.18690E+0	-2.23924E-3	4.35831E-4	3.57629E-6	1.84131E-3	-9.70911E-7	-8.73118E-10	0.00000E+0	0.00000E+0	2.00360E+0	0.00000E+0
1.20400E+0	-2.29360E-3	4.47275E-4	3.69550E-6	1.66667E-3	-9.70853E-7	-9.31330E-10	0.00000E+0	0.00000E+0	1.99940E+0	0.00000E+0
1.22120E+0	-2.35082E-3	4.57766E-4	3.57629E-6	1.53375E-3	-9.70795E-7	-9.89537E-10	0.00000E+0	0.00000E+0	1.99930E+0	0.00000E+0
1.23830E+0	-2.40232E-3	4.67302E-4	2.98025E-6	1.48667E-3	-9.70678E-7	-9.31330E-10	0.00000E+0	0.00000E+0	1.99840E+0	0.00000E+0
1.25550E+0	-2.44905E-3	4.75885E-4	2.50341E-6	1.55116E-3	-9.70620E-7	-8.73118E-10	0.00000E+0	0.00000E+0	2.00140E+0	0.00000E+0
1.27260E+0	-2.47861E-3	4.82561E-4	1.90736E-6	1.70768E-3	-9.70620E-7	-8.14911E-10	0.00000E+0	0.00000E+0	2.00110E+0	0.00000E+0
1.28980E+0	-2.49673E-3	4.86376E-4	1.43052E-6	1.90712E-3	-9.70620E-7	-6.98495E-10	0.00000E+0	0.00000E+0	1.99730E+0	0.00000E+0
1.30690E+0	-2.50818E-3	4.89239E-4	1.19210E-6	2.16486E-3	-9.70562E-7	-5.82080E-10	0.00000E+0	0.00000E+0	1.99830E+0	0.00000E+0
1.32410E+0	-2.51772E-3	4.91146E-4	1.19210E-6	2.18429E-3	-9.70504E-7	-5.23873E-10	0.00000E+0	0.00000E+0	2.00000E+0	0.00000E+0
1.34130E+0	-2.52534E-3	4.92100E-4	1.19210E-6	2.18429E-3	-9.70504E-7	-4.07455E-10	0.00000E+0	0.00000E+0	1.99910E+0	0.00000E+0
1.35840E+0	-2.53107E-3	4.93053E-4	1.07289E-6	2.18429E-3	-9.70445E-7	-4.07455E-10	0.00000E+0	0.00000E+0	1.99710E+0	0.00000E+0
1.37560E+0	-2.54442E-3	4.95914E-4	1.31131E-6	2.18429E-3	-9.70329E-7	-4.07455E-10	0.00000E+0	0.00000E+0	2.00120E+0	0.00000E+0
1.39270E+0	-2.56635E-3	5.00683E-4	1.78815E-6	2.18429E-3	-9.70213E-7	-4.65665E-10	0.00000E+0	0.00000E+0	2.00030E+0	0.00000E+0
1.40990E+0	-2.60259E-3	5.09266E-4	2.14578E-6	2.18429E-3	-9.70096E-7	-5.23873E-10	0.00000E+0	0.00000E+0	1.99920E+0	0.00000E+0
1.42700E+0	-2.65600E-3	5.18803E-4	2.62262E-6	2.18429E-3	-9.69922E-7	-5.82080E-10	0.00000E+0	0.00000E+0	2.00010E+0	0.00000E+0
1.44420E+0	-2.71608E-3	5.31200E-4	2.98025E-6	2.03539E-3	-9.69863E-7	-6.40288E-10	0.00000E+0	0.00000E+0	1.99650E+0	0.00000E+0
1.46130E+0	-2.77521E-3	5.41691E-4	3.21867E-6	1.80317E-3	-9.69863E-7	-7.56703E-10	0.00000E+0	0.00000E+0	2.00190E+0	0.00000E+0
1.47850E+0	-2.83910E-3	5.54089E-4	3.57629E-6	1.57548E-3	-9.69863E-7	-8.14911E-10	0.00000E+0	0.00000E+0	2.00040E+0	0.00000E+0
1.49560E+0	-2.91444E-3	5.68394E-4	3.45708E-6	1.32466E-3	-9.69980E-7	-9.31330E-10	0.00000E+0	0.00000E+0	1.99910E+0	0.00000E+0
1.51280E+0	-2.97834E-3	5.79838E-4	3.21867E-6	1.14775E-3	-9.70154E-7	-9.89537E-10	0.00000E+0	0.00000E+0	1.99830E+0	0.00000E+0
1.52990E+0	-3.02793E-3	5.88421E-4	2.74183E-6	1.02783E-3	-9.70329E-7	-1.04775E-9	0.00000E+0	0.00000E+0	2.00360E+0	0.00000E+0
1.54710E+0	-3.06226E-3	5.95096E-4	2.26499E-6	9.70963E-4	-9.70620E-7	-1.10595E-9	0.00000E+0	0.00000E+0	1.99720E+0	0.00000E+0
1.56420E+0	-3.09183E-3	6.00819E-4	1.90736E-6	9.77047E-4	-9.70911E-7	-1.10595E-9	0.00000E+0	0.00000E+0	1.99960E+0	0.00000E+0
1.58140E+0	-3.11376E-3	6.05587E-4	1.43052E-6	1.08219E-3	-9.71144E-7	-1.10595E-9	0.00000E+0	0.00000E+0	2.00340E+0	0.00000E+0
1.59860E+0	-3.12711E-3	6.08448E-4	1.19210E-6	1.25886E-3	-9.71260E-7	-1.04775E-9	0.00000E+0	0.00000E+0	1.99900E+0	0.00000E+0
1.61570E+0	-3.13474E-3	6.10355E-4	1.07289E-6	1.48965E-3	-9.71319E-7	-9.31330E-10	0.00000E+0	0.00000E+0	1.99840E+0	0.00000E+0
1.63290E+0	-3.13856E-3	6.11309E-4	1.07289E-6	1.75226E-3	-9.71260E-7	-8.14911E-10	0.00000E+0	0.00000E+0	2.00090E+0	0.00000E+0
1.65000E+0	-3.14046E-3	6.12263E-4	9.53682E-7	2.01286E-3	-9.70969E-7	-6.40288E-10	0.00000E+0	0.00000E+0	2.00280E+0	0.00000E+0
1.66720E+0	-3.13951E-3	6.13216E-4	8.34469E-7	2.18429E-3	-9.70445E-7	-3.49248E-10	0.00000E+0	0.00000E+0	1.99870E+0	0.00000E+0
1.68430E+0	-3.13665E-3	6.13216E-4	2.38420E-7	2.18429E-3	-9.70154E-7	-1.74624E-10	0.00000E+0	0.00000E+0	2.00080E+0	0.00000E+0
1.70150E+0	-3.13474E-3	6.13216E-4	-3.57630E-7	2.18429E-3	-9.69863E-7	-1.16416E-10	0.00000E+0	0.00000E+0	1.99840E+0	0.00000E+0
1.71860E+0	-3.13379E-3	6.13216E-4	-7.15259E-7	2.18429E-3	-9.69456E-7	5.82081E-11	0.00000E+0	0.00000E+0	1.99790E+0	0.00000E+0
1.73580E+0	-3.13760E-3	6.13216E-4	-1.07289E-6	2.18429E-3	-9.68990E-7	1.74624E-10	0.00000E+0	0.00000E+0	1.99740E+0	0.00000E+0
1.75290E+0	-3.15382E-3	6.17985E-4	-1.66894E-6	2.18429E-3	-9.68292E-7	2.91040E-10	0.00000E+0	0.00000E+0	1.99960E+0	0.00000E+0
1.77010E+0	-3.18719E-3	6.24660E-4	-2.02657E-6	2.18429E-3	-9.67768E-7	3.49248E-10	0.00000E+0	0.00000E+0	2.00300E+0	0.00000E+0
1.78720E+0	-3.22534E-3	6.32290E-4	-2.14578E-6	2.18429E-3	-9.67535E-7	2.91040E-10	0.00000E+0	0.00000E+0	1.99970E+0	0.00000E+0
1.80440E+0	-3.26063E-3	6.39919E-4	-1.90736E-6	2.18429E-3	-9.67244E-7	2.91040E-10	0.00000E+0	0.00000E+0	1.99720E+0	0.00000E+0
1.82160E+0	-3.32262E-3	6.52317E-4	-1.43052E-6	2.18429E-3	-9.67011E-7	2.32832E-10	0.00000E+0	0.00000E+0	2.00100E+0	0.00000E+0
1.83870E+0	-3.39986E-3	6.68529E-4	-9.53682E-7	2.18429E-3	-9.66837E-7	1.16416E-10	0.00000E+0	0.00000E+0	2.00010E+0	0.00000E+0
1.85590E+0	-3.47330E-3	6.81881E-4	0.00000E+0	2.18429E-3	-9.66778E-7	5.82081E-11	0.00000E+0	0.00000E+0	2.00000E+0	0.00000E+0
1.87300E+0	-3.56199E-3	6.99047E-4	8.34469E-7	2.18429E-3	-9.66837E-7	-1.16416E-10	0.00000E+0	0.00000E+0	1.99970E+0	0.00000E+0
1.89020E+0	-3.64973E-3	7.16213E-4	1.78815E-6	2.11264E-3	-9.66895E-7	-2.32832E-10	0.00000E+0	0.00000E+0	1.99970E+0	0.00000E+0
1.90730E+0	-3.72125E-3	7.30518E-4	2.62262E-6	1.87457E-3	-9.67069E-7	-3.49248E-10	0.00000E+0	0.00000E+0	2.00070E+0	0.00000E+0
1.92450E+0	-3.80422E-3	7.45777E-4	3.09946E-6	1.56248E-3	-9.67360E-7	-4.65665E-10	0.00000E+0	0.00000E+0	1.99990E+0	0.00000E+0
1.94160E+0	-3.87193E-3	7.57221E-4	3.45708E-6	1.34373E-3	-9.67593E-7	-5.82080E-10	0.00000E+0	0.00000E+0	1.99960E+0	0.00000E+0
1.95880E+0	-3.93298E-3	7.68665E-4	3.45708E-6	1.11783E-3	-9.67942E-7	-6.98495E-10	0.00000E+0	0.00000E+0	2.00100E+0	0.00000E+0
1.97590E+0	-3.98925E-3	7.79156E-4	3.09946E-6	9.16008E-4	-9.68408E-7	-8.14911E-10	0.00000E+0	0.00000E+0	2.00000E+0	0.00000E+0
1.99310E+0	-4.03503E-3	7.86785E-4	2.86104E-6	7.74983E-4	-9.68641E-7	-9.31330E-10	0.00000E+0	0.00000E+0	1.99970E+0	0.00000E+0
2.01020E+0	-4.06840E-3	7.92507E-4	2.38420E-6	6.46476E-4	-9.69107E-7	-1.04775E-9	0.00000E+0	0.00000E+0	2.00050E+0	0.00000E+0
2.02740E+0	-4.10846E-3	7.99183E-4	2.14578E-6	5.21425E-4	-9.69630E-7	-1.10595E-9	0.00000E+0	0.00000E+0	1.99990E+0	0.00000E+0
2.04450E+0	-4.12849E-3	8.02997E-4	1.54973E-6	4.58362E-4	-9.70038E-7	-1.22237E-9	0.00000E+0	0.00000E+0	1.99960E+0	0.00000E+0
2.06170E+0	-4.14184E-3	8.04905E-4	1.31131E-6	4.13658E-4	-9.70562E-7	-1.33878E-9	0.00000E+0	0.00000E+0	1.99760E+0	0.00000E+0
2.07890E+0	-4.16186E-3	8.07766E-4	9.53682E-7	3.89816E-4	-9.71202E-7	-1.39699E-9	0.00000E+0	0.00000E+0	1.99970E+0	0.00000E+0
2.09600E+0	-4.17140E-3	8.09673E-4	8.34469E-7	3.98042E-4	-9.71668E-7	-1.45520E-9	0.00000E+0	0.00000E+0	2.00130E+0	0.00000E+0
2.11320E+0	-4.17712E-3	8.10627E-4	5.96050E-7	4.37381E-4	-9.72075E-7	-1.51341E-9	0.00000E+0	0.00000E+0	2.00110E+0	0.00000E+0
2.13030E+0	-4.18189E-3	8.12534E-4	5.96050E-7	5.38234E-4	-9.72424E-7	-1.51341E-9	0.00000E+0	0.00000E+0	2.00210E+0	0.00000E+0
2.14750E+0	-4.18475E-3	8.12534E-4	5.96050E-7	7.07392E-4	-9.72599E-7	-1.45520E-9	0.00000E+0	0.00000E+0	1.99780E+0	0.00000E+0
2.16460E+0	-4.18571E-3	8.13488E-4	7.15259E-7	8.37449E-4	-9.72599E-7	-1.39699E-9	0.00000E+0	0.00000E+0	1.99870E+0	0.00000E+0
2.18180E+0	-4.18475E-3	8.14442E-4	8.34469E-7	1.07742E-3	-9.72424E-7	-1.28058E-9	0.00000E+0	0.00000E+0	2.00050E+0	0.00000E+0
2.19890E+0	-4.18475E-3	8.14442E-4	9.53682E-7	1.29057E-3	-9.72192E-7	-1.10595E-9	0.00000E+0	0.00000E+0	1.99940E+0	0.00000E+0
2.21610E+0	-4.18189E-3	8.15395E-4	9.53682E-7	1.58168E-3	-9.71784E-7	-8.73118E-10	0.00000E+0	0.00000E+0	2.00050E+0	0.00000E+0
2.23320E+0	-4.17808E-3	8.16349E-4	8.34469E-7	1.90759E-3	-9.71319E-7	-6.40288E-10	0.00000E+0	0.00000E+0	1.99830E+0	0.00000E+0
2.25040E+0	-4.17426E-3	8.16349E-4	3.57630E-7	2.18429E-3	-9.70795E-7	-4.65665E-10	0.00000E+0	0.00000E+0	2.00150E+0	0.00000E+0
2.26750E+0	-4.16663E-3	8.15395E-4	-1.19210E-7	2.18429E-3	-9.70038E-7	-1.16416E-10	0.00000E+0	0.00000E+0	1.99920E+0	0.00000E+0
2.28470E+0	-4.15996E-3	8.15395E-4	-2.14578E-6	2.18429E-3	-9.69281E-7	1.74624E-10	0.00000E+0	0.00000E+0	1.99490E+0	0.00000E+0
2.30180E+0	-4.15137E-3	8.14442E-4	-3.21867E-6	2.18429E-3	-9.68466E-7	4.65665E-10	0.00000E+0	0.00000E+0	2.00050E+0	0.00000E+0
2.31900E+0	-4.14565E-3	8.14442E-4	-5.36445E-6	2.18429E-3	-9.67768E-7	6.98495E-10	0.00000E+0	0.00000E+0	2.00020E+0	0.00000E+0
2.33620E+0	-4.14184E-3	8.15395E-4	-7.15259E-6	2.18429E-3	-9.66604E-7	1.10595E-9	0.00000E+0	0.00000E+0	2.00050E+0	0.00000E+0
2.35330E+0	-4.14184E-3	8.16349E-4	-9.89443E-6	2.18429E-3	-9.65789E-7	1.33878E-9	0.00000E+0	0.00000E+0	2.00240E+0	0.00000E+0
2.37050E+0	-4.14851E-3	8.19210E-4	-1.16826E-5	2.18429E-3	-9.64625E-7	1.62982E-9	0.00000E+0	0.00000E+0	1.99850E+0	0.00000E+0
2.38760E+0	-4.15996E-3	8.21117E-4	-1.45436E-5	2.18429E-3	-9.63984E-7	1.74624E-9	0.00000E+0	0.00000E+0	1.99740E+0	0.00000E+0
2.40480E+0	-4.16759E-3	8.23025E-4	-1.58550E-5	2.18429E-3	-9.63402E-7	1.92087E-9	0.00000E+0	0.00000E+0	2.00000E+0	0.00000E+0
2.42190E+0	-4.19715E-3	8.30654E-4	-1.65702E-5	2.18429E-3	-9.62122E-7	2.15370E-9	0.00000E+0	0.00000E+0	2.00110E+0	0.00000E+0
2.43910E+0	-4.24197E-3	8.40191E-4	-1.94312E-5	2.18429E-3	-9.61249E-7	2.32832E-9	0.00000E+0	0.00000E+0	2.00160E+0	0.00000E+0
2.45620E+0	-4.30301E-3	8.52589E-4	-2.16962E-5	2.18429E-3	-9.60143E-7	2.44474E-9	0.00000E+0	0.00000E+0	1.99910E+0	0.00000E+0
2.47340E+0	-4.36595E-3	8.65940E-4	-2.38420E-5	2.18429E-3	-9.59677E-7	2.44474E-9	0.00000E+0	0.00000E+0	1.99880E+0	0.00000E+0
2.49050E+0	-4.42794E-3	8.78338E-4	-2.49149E-5	2.18429E-3	-9.59211E-7	2.44474E-9	0.00000E+0	0.00000E+0	1.99880E+0	0.00000E+0
2.50770E+0	-4.50900E-3	8.95504E-4	-2.50341E-5	2.18429E-3	-9.58862E-7	2.38653E-9	0.00000E+0	0.00000E+0	2.00070E+0	0.00000E+0
2.52480E+0	-4.60055E-3	9.13624E-4	-2.46764E-5	2.18429E-3	-9.58571E-7	2.32832E-9	0.00000E+0	0.00000E+0	1.99820E+0	0.00000E+0
2.54200E+0	-4.69306E-3	9.31744E-4	-2.34843E-5	2.18429E-3	-9.58513E-7	2.27011E-9	0.00000E+0	0.00000E+0	1.99930E+0	0.00000E+0
2.55910E+0	-4.78366E-3	9.49863E-4	-2.16962E-5	2.18429E-3	-9.58455E-7	2.15370E-9	0.00000E+0	0.00000E+0	1.99750E+0	0.00000E+0
2.57630E+0	-4.88189E-3	9.69891E-4	-1.90736E-5	2.18429E-3	-9.58513E-7	2.03728E-9	0.00000E+0	0.00000E+0	2.00080E+0	0.00000E+0
2.59350E+0	-4.97916E-3	9.89921E-4	-1.62126E-5	2.18429E-3	-9.58687E-7	1.92087E-9	0.00000E+0	0.00000E+0	1.99950E+0	0.00000E+0
2.61060E+0	-5.07739E-3	1.00804E-3	-1.28747E-5	2.18429E-3	-9.58804E-7	1.74624E-9	0.00000E+0	0.00000E+0	2.00050E+0	0.00000E+0
2.62780E+0	-5.13080E-3	1.01949E-3	-1.03713E-5	2.18429E-3	-9.59037E-7	1.68803E-9	0.00000E+0	0.00000E+0	1.99880E+0	0.00000E+0
2.64490E+0	-5.21186E-3	1.03570E-3	-8.22550E-6	2.18429E-3	-9.59270E-7	1.57161E-9	0.00000E+0	0.00000E+0	1.99820E+0	0.00000E+0
2.66210E+0	-5.27766E-3	1.04810E-3	-5.96049E-6	2.18429E-3	-9.59561E-7	1.39699E-9	0.00000E+0	0.00000E+0	1.99910E+0	0.00000E+0
2.67920E+0	-5.35014E-3	1.06240E-3	-3.33787E-6	2.18429E-3	-9.59910E-7	1.22237E-9	0.00000E+0	0.00000E+0	1.99960E+0	0.00000E+0
2.69640E+0	-5.45314E-3	1.08147E-3	-1.54973E-6	2.18429E-3	-9.60375E-7	1.04775E-9	0.00000E+0	0.00000E+0	1.99940E+0	0.00000E+0
2.71350E+0	-5.53039E-3	1.09578E-3	1.43052E-6	2.18429E-3	-9.60725E-7	9.31330E-10	0.00000E+0	0.00000E+0	1.99880E+0	0.00000E+0
2.73070E+0	-5.60096E-3	1.10913E-3	3.09946E-6	2.18429E-3	-9.61190E-7	7.56703E-10	0.00000E+0	0.00000E+0	1.99910E+0	0.00000E+0
2.74780E+0	-5.67248E-3	1.12248E-3	4.52998E-6	2.14089E-3	-9.61656E-7	5.82080E-10	0.00000E+0	0.00000E+0	1.99890E+0	0.00000E+0
2.76500E+0	-5.75355E-3	1.13774E-3	5.12603E-6	1.84692E-3	-9.62180E-7	3.49248E-10	0.00000E+0	0.00000E+0	2.00030E+0	0.00000E+0
2.78210E+0	-5.82126E-3	1.14919E-3	6.19891E-6	1.62876E-3	-9.62529E-7	2.91040E-10	0.00000E+0	0.00000E+0	1.99720E+0	0.00000E+0
2.79930E+0	-5.84701E-3	1.15300E-3	6.43733E-6	1.53888E-3	-9.62762E-7	1.74624E-10	0.00000E+0	0.00000E+0	1.99900E+0	0.00000E+0
2.81650E+0	-5.89564E-3	1.16254E-3	5.84128E-6	1.33515E-3	-9.63228E-7	5.82081E-11	0.00000E+0	0.00000E+0	1.99930E+0	0.00000E+0
2.83360E+0	-5.94047E-3	1.16921E-3	5.96049E-6	1.17839E-3	-9.63635E-7	-5.82081E-11	0.00000E+0	0.00000E+0	1.99820E+0	0.00000E+0
2.85080E+0	-5.99864E-3	1.18066E-3	5.72208E-6	9.59519E-4	-9.64159E-7	-1.74624E-10	0.00000E+0	0.00000E+0	2.00170E+0	0.00000E+0
2.86790E+0	-6.03583E-3	1.18638E-3	5.36445E-6	8.66298E-4	-9.64334E-7	-2.91040E-10	0.00000E+0	0.00000E+0	2.00140E+0	0.00000E+0
2.88510E+0	-6.06254E-3	1.19115E-3	4.88761E-6	7.37075E-4	-9.64857E-7	-4.07455E-10	0.00000E+0	0.00000E+0	2.00140E+0	0.00000E+0
2.90220E+0	-6.10545E-3	1.19782E-3	4.52998E-6	5.95573E-4	-9.65323E-7	-5.23873E-10	0.00000E+0	0.00000E+0	2.00050E+0	0.00000E+0
2.91940E+0	-6.13120E-3	1.20259E-3	4.17235E-6	4.99967E-4	-9.65789E-7	-5.82080E-10	0.00000E+0	0.00000E+0	1.99770E+0	0.00000E+0
2.93650E+0	-6.16172E-3	1.20641E-3	3.57629E-6	3.76822E-4	-9.66429E-7	-6.98495E-10	0.00000E+0	0.00000E+0	1.99990E+0	0.00000E+0
2.95370E+0	-6.18270E-3	1.21022E-3	3.09946E-6	3.10542E-4	-9.66837E-7	-7.56703E-10	0.00000E+0	0.00000E+0	1.99860E+0	0.00000E+0
2.97080E+0	-6.19510E-3	1.21213E-3	2.74183E-6	2.63693E-4	-9.67186E-7	-8.14911E-10	0.00000E+0	0.00000E+0	1.99990E+0	0.00000E+0
2.98800E+0	-6.20750E-3	1.21308E-3	2.38420E-6	2.14697E-4	-9.67710E-7	-9.31330E-10	0.00000E+0	0.00000E+0	1.99950E+0	0.00000E+0
3.00510E+0	-6.22180E-3	1.21499E-3	2.14578E-6	1.66775E-4	-9.68175E-7	-9.89537E-10	0.00000E+0	0.00000E+0	2.00090E+0	0.00000E+0
3.02230E+0	-6.22848E-3	1.21499E-3	1.78815E-6	1.38880E-4	-9.68641E-7	-1.04775E-9	0.00000E+0	0.00000E+0	2.00110E+0	0.00000E+0
3.03940E+0	-6.23706E-3	1.21690E-3	1.54973E-6	1.05501E-4	-9.69223E-7	-1.16416E-9	0.00000E+0	0.00000E+0	1.99810E+0	0.00000E+0
3.05660E+0	-6.24374E-3	1.21785E-3	1.43052E-6	8.20165E-5	-9.69747E-7	-1.22237E-9	0.00000E+0	0.00000E+0	1.99990E+0	0.00000E+0
3.07380E+0	-6.24946E-3	1.21785E-3	1.31131E-6	6.49695E-5	-9.70329E-7	-1.28058E-9	0.00000E+0	0.00000E+0	2.00100E+0	0.00000E+0
3.09090E+0	-6.25423E-3	1.21785E-3	1.19210E-6	5.44789E-5	-9.70736E-7	-1.33878E-9	0.00000E+0	0.00000E+0	2.00060E+0	0.00000E+0
3.10810E+0	-6.25709E-3	1.21785E-3	1.07289E-6	4.78032E-5	-9.71144E-7	-1.45520E-9	0.00000E+0	0.00000E+0	2.00040E+0	0.00000E+0
3.12520E+0	-6.25899E-3	1.21785E-3	1.07289E-6	4.45845E-5	-9.71493E-7	-1.45520E-9	0.00000E+0	0.00000E+0	2.00180E+0	0.00000E+0
3.14240E+0	-6.26186E-3	1.21785E-3	9.53682E-7	4.56574E-5	-9.71901E-7	-1.51341E-9	0.00000E+0	0.00000E+0	1.99720E+0	0.00000E+0
3.15950E+0	-6.26376E-3	1.21785E-3	9.53682E-7	4.63726E-5	-9.72075E-7	-1.51341E-9	0.00000E+0	0.00000E+0	2.00120E+0	0.00000E+0
3.17670E+0	-6.26376E-3	1.21785E-3	9.53682E-7	4.86376E-5	-9.72308E-7	-1.57161E-9	0.00000E+0	0.00000E+0	1.99800E+0	0.00000E+0
3.19380E+0	-6.26567E-3	1.21785E-3	9.53682E-7	5.60286E-5	-9.72483E-7	-1.57161E-9	0.00000E+0	0.00000E+0	1.99730E+0	0.00000E+0
3.21100E+0	-6.26567E-3	1.21785E-3	9.53682E-7	6.89034E-5	-9.72657E-7	-1.57161E-9	0.00000E+0	0.00000E+0	1.99930E+0	0.00000E+0
3.22810E+0	-6.26758E-3	1.21785E-3	8.34469E-7	1.02282E-4	-9.72774E-7	-1.57161E-9	0.00000E+0	0.00000E+0	2.00090E+0	0.00000E+0
3.24530E+0	-6.26758E-3	1.21880E-3	8.34469E-7	1.29343E-4	-9.72832E-7	-1.57161E-9	0.00000E+0	0.00000E+0	2.00170E+0	0.00000E+0
3.26240E+0	-6.26758E-3	1.21880E-3	8.34469E-7	1.56046E-4	-9.72832E-7	-1.57161E-9	0.00000E+0	0.00000E+0	1.99790E+0	0.00000E+0
3.27960E+0	-6.26758E-3	1.21880E-3	8.34469E-7	1.71305E-4	-9.72890E-7	-1.57161E-9	0.00000E+0	0.00000E+0	1.99750E+0	0.00000E+0
3.29670E+0	-6.26662E-3	1.21976E-3	8.34469E-7	2.22803E-4	-9.72832E-7	-1.51341E-9	0.00000E+0	0.00000E+0	2.00100E+0	0.00000E+0
3.31390E+0	-6.26662E-3	1.21976E-3	8.34469E-7	3.05416E-4	-9.72715E-7	-1.45520E-9	0.00000E+0	0.00000E+0	2.00090E+0	0.00000E+0
3.33110E+0	-6.26567E-3	1.22071E-3	8.34469E-7	3.76822E-4	-9.72599E-7	-1.45520E-9	0.00000E+0	0.00000E+0	1.99850E+0	0.00000E+0
3.34820E+0	-6.26376E-3	1.22166E-3	7.15259E-7	5.15942E-4	-9.72366E-7	-1.33878E-9	0.00000E+0	0.00000E+0	1.99960E+0	0.00000E+0
3.36540E+0	-6.26186E-3	1.22166E-3	5.96050E-7	7.01193E-4	-9.72017E-7	-1.16416E-9	0.00000E+0	0.00000E+0	2.00010E+0	0.00000E+0
3.38250E+0	-6.25899E-3	1.22166E-3	5.96050E-7	8.67609E-4	-9.71726E-7	-1.10595E-9	0.00000E+0	0.00000E+0	1.99920E+0	0.00000E+0
3.39970E+0	-6.25804E-3	1.22262E-3	2.38420E-7	9.45453E-4	-9.71493E-7	-9.89537E-10	0.00000E+0	0.00000E+0	1.99840E+0	0.00000E+0
3.41680E+0	-6.25518E-3	1.22357E-3	-1.19210E-7	1.18209E-3	-9.71027E-7	-7.56703E-10	0.00000E+0	0.00000E+0	1.99900E+0	0.00000E+0
3.43400E+0	-6.24850E-3	1.22453E-3	-9.53682E-7	1.56213E-3	-9.70271E-7	-5.23873E-10	0.00000E+0	0.00000E+0	1.99960E+0	0.00000E+0
3.45110E+0	-6.24374E-3	1.22453E-3	-2.26499E-6	1.86587E-3	-9.69630E-7	-2.32832E-10	0.00000E+0	0.00000E+0	1.99990E+0	0.00000E+0
3.46830E+0	-6.23897E-3	1.22453E-3	-3.81473E-6	2.09965E-3	-9.69165E-7	-5.82081E-11	0.00000E+0	0.00000E+0	2.00220E+0	0.00000E+0
3.48540E+0	-6.23515E-3	1.22453E-3	-5.12603E-6	2.18429E-3	-9.68641E-7	1.74624E-10	0.00000E+0	0.00000E+0	2.00080E+0	0.00000E+0
3.50260E+0	-6.22848E-3	1.22643E-3	-6.79496E-6	2.18429E-3	-9.68059E-7	3.49248E-10	0.00000E+0	0.00000E+0	1.99620E+0	0.00000E+0
3.51970E+0	-6.22180E-3	1.22548E-3	-8.94075E-6	2.18429E-3	-9.67011E-7	7.56703E-10	0.00000E+0	0.00000E+0	2.00080E+0	0.00000E+0
3.53690E+0	-6.21036E-3	1.22643E-3	-1.22786E-5	2.18429E-3	-9.66080E-7	1.16416E-9	0.00000E+0	0.00000E+0	1.99950E+0	0.00000E+0
3.55410E+0	-6.20273E-3	1.22643E-3	-1.59742E-5	2.18429E-3	-9.65323E-7	1.39699E-9	0.00000E+0	0.00000E+0	2.00410E+0	0.00000E+0
3.57120E+0	-6.19510E-3	1.22643E-3	-1.90736E-5	2.18429E-3	-9.64392E-7	1.74624E-9	0.00000E+0	0.00000E+0	1.99860E+0	0.00000E+0
3.58840E+0	-6.18652E-3	1.22643E-3	-2.32459E-5	2.18429E-3	-9.63344E-7	2.09549E-9	0.00000E+0	0.00000E+0	1.99970E+0	0.00000E+0
3.60550E+0	-6.17889E-3	1.22739E-3	-2.78951E-5	2.18429E-3	-9.62471E-7	2.44474E-9	0.00000E+0	0.00000E+0	2.00130E+0	0.00000E+0
3.62270E+0	-6.17126E-3	1.22834E-3	-3.18291E-5	2.18429E-3	-9.61365E-7	2.79398E-9	0.00000E+0	0.00000E+0	1.99980E+0	0.00000E+0
3.63980E+0	-6.16840E-3	1.22929E-3	-3.73127E-5	2.18429E-3	-9.60375E-7	3.08502E-9	0.00000E+0	0.00000E+0	1.99990E+0	0.00000E+0
3.65700E+0	-6.16744E-3	1.23120E-3	-4.06506E-5	2.18429E-3	-9.58862E-7	3.55068E-9	0.00000E+0	0.00000E+0	2.00220E+0	0.00000E+0
3.67410E+0	-6.16935E-3	1.23502E-3	-4.55382E-5	2.18429E-3	-9.57407E-7	3.95815E-9	0.00000E+0	0.00000E+0	1.99900E+0	0.00000E+0
3.69130E+0	-6.17507E-3	1.23788E-3	-5.13794E-5	2.18429E-3	-9.56126E-7	4.24919E-9	0.00000E+0	0.00000E+0	1.99860E+0	0.00000E+0
3.70840E+0	-6.18270E-3	1.24169E-3	-5.56710E-5	2.18429E-3	-9.54904E-7	4.59843E-9	0.00000E+0	0.00000E+0	1.99900E+0	0.00000E+0
3.72560E+0	-6.20177E-3	1.24837E-3	-5.97241E-5	2.18429E-3	-9.53096E-7	5.06409E-9	0.00000E+0	0.00000E+0	2.00060E+0	0.00000E+0
3.74270E+0	-6.21608E-3	1.25218E-3	-6.74729E-5	2.18429E-3	-9.52165E-7	5.23872E-9	0.00000E+0	0.00000E+0	1.99740E+0	0.00000E+0
3.75990E+0	-6.23515E-3	1.25790E-3	-7.09300E-5	2.18429E-3	-9.50535E-7	5.58796E-9	0.00000E+0	0.00000E+0	2.00050E+0	0.00000E+0
3.77700E+0	-6.28188E-3	1.26935E-3	-7.62944E-5	2.18429E-3	-9.48905E-7	5.93721E-9	0.00000E+0	0.00000E+0	1.99990E+0	0.00000E+0
3.79420E+0	-6.32098E-3	1.27888E-3	-8.49967E-5	2.18429E-3	-9.47392E-7	6.28646E-9	0.00000E+0	0.00000E+0	2.00140E+0	0.00000E+0
3.81140E+0	-6.38393E-3	1.29319E-3	-9.15532E-5	2.18429E-3	-9.45762E-7	6.57749E-9	0.00000E+0	0.00000E+0	2.00070E+0	0.00000E+0
3.82850E+0	-6.42398E-3	1.30177E-3	-9.96594E-5	2.18429E-3	-9.45238E-7	6.69391E-9	0.00000E+0	0.00000E+0	2.00000E+0	0.00000E+0
3.84570E+0	-6.48788E-3	1.31512E-3	-1.01328E-4	2.18429E-3	-9.43841E-7	6.98495E-9	0.00000E+0	0.00000E+0	1.99930E+0	0.00000E+0
3.86280E+0	-6.56798E-3	1.33324E-3	-1.08839E-4	2.18429E-3	-9.42910E-7	7.15957E-9	0.00000E+0	0.00000E+0	1.99780E+0	0.00000E+0
3.88000E+0	-6.63283E-3	1.34660E-3	-1.14084E-4	2.18429E-3	-9.41978E-7	7.33419E-9	0.00000E+0	0.00000E+0	2.00150E+0	0.00000E+0
3.89710E+0	-6.72343E-3	1.36567E-3	-1.18256E-4	2.18429E-3	-9.41222E-7	7.45064E-9	0.00000E+0	0.00000E+0	2.00000E+0	0.00000E+0
3.91430E+0	-6.78638E-3	1.37902E-3	-1.23263E-4	2.18429E-3	-9.40581E-7	7.56705E-9	0.00000E+0	0.00000E+0	1.99790E+0	0.00000E+0
3.93140E+0	-6.87507E-3	1.39809E-3	-1.26005E-4	2.18429E-3	-9.39883E-7	7.68347E-9	0.00000E+0	0.00000E+0	1.99920E+0	0.00000E+0
3.94860E+0	-6.93515E-3	1.41049E-3	-1.29462E-4	2.18429E-3	-9.39650E-7	7.68347E-9	0.00000E+0	0.00000E+0	1.99650E+0	0.00000E+0
3.96570E+0	-6.99428E-3	1.42289E-3	-1.30416E-4	2.18429E-3	-9.39242E-7	7.74168E-9	0.00000E+0	0.00000E+0	1.99990E+0	0.00000E+0
3.98290E+0	-7.10109E-3	1.44578E-3	-1.32323E-4	2.18429E-3	-9.38311E-7	7.85809E-9	0.00000E+0	0.00000E+0	1.99960E+0	0.00000E+0
4.00000E+0	-7.21934E-3	1.47057E-3	-1.37211E-4	2.18429E-3	-9.38078E-7	7.85809E-9	0.00000E+0	0.00000E+0	1.99840E+0	0.00000E+0
4.01720E+0	-7.28324E-3	1.48392E-3	-1.38641E-4	2.18429E-3	-9.37729E-7	7.85809E-9	0.00000E+0	0.00000E+0	1.99850E+0	0.00000E+0
4.03430E+0	-7.39577E-3	1.50872E-3	-1.39833E-4	2.18429E-3	-9.37322E-7	7.91630E-9	0.00000E+0	0.00000E+0	1.99910E+0	0.00000E+0
4.05150E+0	-7.49114E-3	1.52970E-3	-1.43290E-4	2.18429E-3	-9.36972E-7	7.85809E-9	0.00000E+0	0.00000E+0	2.00050E+0	0.00000E+0
4.06870E+0	-7.56934E-3	1.54496E-3	-1.46628E-4	2.18429E-3	-9.36798E-7	7.85809E-9	0.00000E+0	0.00000E+0	1.99920E+0	0.00000E+0
4.08580E+0	-7.65613E-3	1.56308E-3	-1.48059E-4	2.18429E-3	-9.36623E-7	7.85809E-9	0.00000E+0	0.00000E+0	2.00110E+0	0.00000E+0
4.10300E+0	-7.74959E-3	1.58215E-3	-1.48297E-4	2.18429E-3	-9.36507E-7	7.74168E-9	0.00000E+0	0.00000E+0	2.00090E+0	0.00000E+0
4.12010E+0	-7.84308E-3	1.60218E-3	-1.48893E-4	2.18429E-3	-9.36390E-7	7.74168E-9	0.00000E+0	0.00000E+0	2.00060E+0	0.00000E+0
4.13730E+0	-7.92223E-3	1.61839E-3	-1.49847E-4	2.18429E-3	-9.36390E-7	7.68347E-9	0.00000E+0	0.00000E+0	1.99870E+0	0.00000E+0
4.15440E+0	-7.97564E-3	1.62984E-3	-1.49966E-4	2.18429E-3	-9.36390E-7	7.62526E-9	0.00000E+0	0.00000E+0	2.00180E+0	0.00000E+0
4.17160E+0	-8.05765E-3	1.64796E-3	-1.49489E-4	2.18429E-3	-9.36332E-7	7.56705E-9	0.00000E+0	0.00000E+0	2.00030E+0	0.00000E+0
4.18870E+0	-8.24362E-3	1.68610E-3	-1.50562E-4	2.18429E-3	-9.36332E-7	7.50885E-9	0.00000E+0	0.00000E+0	2.00130E+0	0.00000E+0
4.20590E+0	-8.24744E-3	1.68610E-3	-1.50205E-4	2.18429E-3	-9.36390E-7	7.45064E-9	0.00000E+0	0.00000E+0	1.99940E+0	0.00000E+0
4.22300E+0	-8.33517E-3	1.70422E-3	-1.48297E-4	2.18429E-3	-9.36507E-7	7.39240E-9	0.00000E+0	0.00000E+0	1.99820E+0	0.00000E+0
4.24020E+0	-8.40098E-3	1.71853E-3	-1.46748E-4	2.18429E-3	-9.36565E-7	7.27599E-9	0.00000E+0	0.00000E+0	2.00070E+0	0.00000E+0
4.25730E+0	-8.53163E-3	1.74428E-3	-1.45794E-4	2.18429E-3	-9.36681E-7	7.21778E-9	0.00000E+0	0.00000E+0	2.00040E+0	0.00000E+0
4.27450E+0	-8.63844E-3	1.76717E-3	-1.42694E-4	2.18429E-3	-9.36914E-7	7.10136E-9	0.00000E+0	0.00000E+0	1.99920E+0	0.00000E+0
4.29170E+0	-8.79866E-3	1.79864E-3	-1.39237E-4	2.18429E-3	-9.37089E-7	6.98495E-9	0.00000E+0	0.00000E+0	2.00090E+0	0.00000E+0
4.30860E+0	-8.91405E-3	1.82057E-3	-1.34827E-4	2.18429E-3	-9.37263E-7	6.98495E-9	0.00000E+0	0.00000E+0	2.00090E+0	0.00000E+0
4.32570E+0	-8.87972E-3	1.81390E-3	-1.31012E-4	2.18429E-3	-9.37438E-7	6.92674E-9	0.00000E+0	0.00000E+0	2.00060E+0	0.00000E+0
4.34290E+0	-9.04089E-3	1.84823E-3	-1.30058E-4	2.18429E-3	-9.37729E-7	6.81032E-9	0.00000E+0	0.00000E+0	2.00250E+0	0.00000E+0
4.36000E+0	-9.11623E-3	1.86253E-3	-1.23621E-4	2.18429E-3	-9.37904E-7	6.75212E-9	0.00000E+0	0.00000E+0	1.99860E+0	0.00000E+0
4.37720E+0	-9.17917E-3	1.87588E-3	-1.20998E-4	2.18429E-3	-9.38195E-7	6.69391E-9	0.00000E+0	0.00000E+0	1.99790E+0	0.00000E+0
4.39430E+0	-9.24498E-3	1.88924E-3	-1.16468E-4	2.18429E-3	-9.38428E-7	6.57749E-9	0.00000E+0	0.00000E+0	1.99750E+0	0.00000E+0
4.41150E+0	-9.42522E-3	1.92643E-3	-1.12415E-4	2.18429E-3	-9.39010E-7	6.40287E-9	0.00000E+0	0.00000E+0	1.99960E+0	0.00000E+0
4.42860E+0	-9.56637E-3	1.95314E-3	-1.02282E-4	2.18429E-3	-9.39242E-7	6.34466E-9	0.00000E+0	0.00000E+0	2.00000E+0	0.00000E+0
4.44580E+0	-9.57018E-3	1.95505E-3	-9.56063E-5	2.18429E-3	-9.39475E-7	6.28646E-9	0.00000E+0	0.00000E+0	1.99990E+0	0.00000E+0
4.46300E+0	-9.63026E-3	1.96649E-3	-9.44142E-5	2.18429E-3	-9.39650E-7	6.22825E-9	0.00000E+0	0.00000E+0	2.00330E+0	0.00000E+0
4.48010E+0	-9.63885E-3	1.96840E-3	-9.02419E-5	2.18429E-3	-9.39825E-7	6.17004E-9	0.00000E+0	0.00000E+0	1.99860E+0	0.00000E+0
4.49730E+0	-9.75519E-3	1.99415E-3	-8.94074E-5	2.18429E-3	-9.40465E-7	5.99542E-9	0.00000E+0	0.00000E+0	1.99840E+0	0.00000E+0
4.51440E+0	-9.86582E-3	2.01418E-3	-7.87978E-5	2.18429E-3	-9.40698E-7	5.87900E-9	0.00000E+0	0.00000E+0	1.99890E+0	0.00000E+0
4.53160E+0	-9.92876E-3	2.02753E-3	-7.41486E-5	2.18429E-3	-9.41047E-7	5.82079E-9	0.00000E+0	0.00000E+0	2.00250E+0	0.00000E+0
4.54870E+0	-9.96023E-3	2.03229E-3	-6.89034E-5	2.18429E-3	-9.41163E-7	5.76259E-9	0.00000E+0	0.00000E+0	2.00110E+0	0.00000E+0
4.56590E+0	-1.00289E-2	2.04755E-3	-6.83074E-5	2.18429E-3	-9.41745E-7	5.58796E-9	0.00000E+0	0.00000E+0	1.99990E+0	0.00000E+0
4.58300E+0	-1.01843E-2	2.07807E-3	-6.02009E-5	2.18429E-3	-9.42211E-7	5.47155E-9	0.00000E+0	0.00000E+0	2.00070E+0	0.00000E+0
4.60020E+0	-1.02168E-2	2.08379E-3	-5.04258E-5	2.18429E-3	-9.42502E-7	5.35513E-9	0.00000E+0	0.00000E+0	1.99950E+0	0.00000E+0
4.61730E+0	-1.02988E-2	2.10096E-3	-4.82800E-5	2.18429E-3	-9.43142E-7	5.18051E-9	0.00000E+0	0.00000E+0	1.99910E+0	0.00000E+0
4.63450E+0	-1.04027E-2	2.11908E-3	-3.91009E-5	2.18429E-3	-9.43259E-7	5.18051E-9	0.00000E+0	0.00000E+0	1.99830E+0	0.00000E+0
4.65160E+0	-1.03894E-2	2.11717E-3	-3.62399E-5	2.18429E-3	-9.43608E-7	5.06409E-9	0.00000E+0	0.00000E+0	1.99880E+0	0.00000E+0
4.66880E+0	-1.04504E-2	2.12766E-3	-3.44517E-5	2.18429E-3	-9.43899E-7	4.94768E-9	0.00000E+0	0.00000E+0	1.99850E+0	0.00000E+0
4.68600E+0	-1.05334E-2	2.14387E-3	-3.08754E-5	2.18429E-3	-9.44423E-7	4.83126E-9	0.00000E+0	0.00000E+0	2.00130E+0	0.00000E+0
4.70310E+0	-1.05944E-2	2.15437E-3	-2.40804E-5	2.18429E-3	-9.44772E-7	4.65664E-9	0.00000E+0	0.00000E+0	1.99780E+0	0.00000E+0
4.72030E+0	-1.06784E-2	2.16962E-3	-2.18154E-5	2.18429E-3	-9.45296E-7	4.54023E-9	0.00000E+0	0.00000E+0	1.99970E+0	0.00000E+0
4.73740E+0	-1.07556E-2	2.18393E-3	-1.54973E-5	2.18429E-3	-9.45645E-7	4.42381E-9	0.00000E+0	0.00000E+0	2.00040E+0	0.00000E+0
4.75460E+0	-1.07909E-2	2.18965E-3	-1.13249E-5	2.18429E-3	-9.46111E-7	4.24919E-9	0.00000E+0	0.00000E+0	2.00280E+0	0.00000E+0
4.77170E+0	-1.08863E-2	2.20682E-3	-7.74866E-6	2.18429E-3	-9.46577E-7	4.13277E-9	0.00000E+0	0.00000E+0	1.99820E+0	0.00000E+0
4.78890E+0	-1.09177E-2	2.21159E-3	-2.50341E-6	2.18429E-3	-9.46577E-7	4.13277E-9	0.00000E+0	0.00000E+0	1.99930E+0	0.00000E+0
4.80600E+0	-1.09454E-2	2.21635E-3	-3.57629E-6	2.18429E-3	-9.46868E-7	4.01636E-9	0.00000E+0	0.00000E+0	1.99770E+0	0.00000E+0
4.82320E+0	-1.09654E-2	2.21826E-3	-2.50341E-6	2.18429E-3	-9.47042E-7	4.01636E-9	0.00000E+0	0.00000E+0	1.99840E+0	0.00000E+0
4.84030E+0	-1.10169E-2	2.22780E-3	-2.14578E-6	2.18429E-3	-9.47508E-7	3.84173E-9	0.00000E+0	0.00000E+0	2.00010E+0	0.00000E+0
4.85750E+0	-1.10922E-2	2.24306E-3	1.19210E-6	2.18429E-3	-9.48090E-7	3.66710E-9	0.00000E+0	0.00000E+0	2.00050E+0	0.00000E+0
4.87460E+0	-1.11695E-2	2.25545E-3	5.96049E-6	2.18429E-3	-9.48090E-7	3.66710E-9	0.00000E+0	0.00000E+0	2.00050E+0	0.00000E+0
4.89250E+0	-1.11275E-2	2.24783E-3	6.31812E-6	2.18429E-3	-9.48614E-7	3.49247E-9	0.00000E+0	0.00000E+0	1.99810E+0	0.00000E+0
4.90960E+0	-1.12315E-2	2.26499E-3	6.31812E-6	2.18429E-3	-9.48963E-7	3.37606E-9	0.00000E+0	0.00000E+0	2.00210E+0	0.00000E+0
4.92680E+0	-1.12935E-2	2.27644E-3	9.05996E-6	2.18429E-3	-9.49312E-7	3.25964E-9	0.00000E+0	0.00000E+0	1.99960E+0	0.00000E+0
4.94390E+0	-1.13240E-2	2.28120E-3	1.09673E-5	2.18429E-3	-9.49487E-7	3.20144E-9	0.00000E+0	0.00000E+0	1.99950E+0	0.00000E+0
4.96110E+0	-1.13536E-2	2.28693E-3	1.15634E-5	2.18429E-3	-9.49836E-7	3.08502E-9	0.00000E+0	0.00000E+0	2.00180E+0	0.00000E+0
4.97820E+0	-1.14165E-2	2.29837E-3	1.20402E-5	2.18429E-3	-9.50360E-7	2.91040E-9	0.00000E+0	0.00000E+0	1.99900E+0	0.00000E+0
4.99540E+0	-1.14709E-2	2.30695E-3	1.34707E-5	2.18429E-3	-9.50768E-7	2.79398E-9	0.00000E+0	0.00000E+0	2.00070E+0	0.00000E+0
5.01260E+0	-1.14928E-2	2.30886E-3	1.35899E-5	2.18429E-3	-9.50709E-7	2.85219E-9	0.00000E+0	0.00000E+0	1.99840E+0	0.00000E+0
5.02970E+0	-1.15119E-2	2.31363E-3	1.19210E-5	2.18429E-3	-9.51175E-7	2.67757E-9	0.00000E+0	0.00000E+0	1.99940E+0	0.00000E+0
5.04690E+0	-1.15786E-2	2.32507E-3	1.31131E-5	2.18429E-3	-9.51757E-7	2.50294E-9	0.00000E+0	0.00000E+0	1.99720E+0	0.00000E+0
5.06400E+0	-1.16835E-2	2.34319E-3	1.43052E-5	2.14709E-3	-9.52281E-7	2.38653E-9	0.00000E+0	0.00000E+0	2.00270E+0	0.00000E+0
5.08120E+0	-1.16883E-2	2.34319E-3	1.52589E-5	2.14972E-3	-9.52397E-7	2.32832E-9	0.00000E+0	0.00000E+0	2.00060E+0	0.00000E+0
5.09830E+0	-1.16950E-2	2.34319E-3	1.37091E-5	2.10680E-3	-9.52572E-7	2.27011E-9	0.00000E+0	0.00000E+0	1.99900E+0	0.00000E+0
5.11550E+0	-1.17360E-2	2.34891E-3	1.33515E-5	1.97090E-3	-9.52921E-7	2.15370E-9	0.00000E+0	0.00000E+0	2.00000E+0	0.00000E+0
5.13260E+0	-1.17703E-2	2.35654E-3	1.35899E-5	1.83047E-3	-9.53329E-7	2.03728E-9	0.00000E+0	0.00000E+0	1.99760E+0	0.00000E+0
5.14980E+0	-1.18094E-2	2.36227E-3	1.37091E-5	1.75679E-3	-9.53562E-7	1.97907E-9	0.00000E+0	0.00000E+0	2.00180E+0	0.00000E+0
5.16690E+0	-1.18428E-2	2.36799E-3	1.32323E-5	1.60790E-3	-9.53973E-7	1.92087E-9	0.00000E+0	0.00000E+0	2.00080E+0	0.00000E+0
5.18410E+0	-1.18628E-2	2.37180E-3	1.34707E-5	1.55009E-3	-9.54205E-7	1.86266E-9	0.00000E+0	0.00000E+0	1.99730E+0	0.00000E+0
5.20120E+0	-1.19134E-2	2.37943E-3	1.33515E-5	1.39261E-3	-9.54729E-7	1.68803E-9	0.00000E+0	0.00000E+0	2.00180E+0	0.00000E+0
5.21840E+0	-1.19582E-2	2.38706E-3	1.35899E-5	1.24372E-3	-9.55137E-7	1.62982E-9	0.00000E+0	0.00000E+0	2.00140E+0	0.00000E+0
5.23550E+0	-1.19954E-2	2.39278E-3	1.31131E-5	1.13965E-3	-9.55428E-7	1.51341E-9	0.00000E+0	0.00000E+0	1.99990E+0	0.00000E+0
5.25270E+0	-1.20202E-2	2.39660E-3	1.26362E-5	1.04237E-3	-9.55835E-7	1.45520E-9	0.00000E+0	0.00000E+0	1.99920E+0	0.00000E+0
5.26990E+0	-1.20230E-2	2.39564E-3	1.20402E-5	1.10913E-3	-9.55602E-7	1.51341E-9	0.00000E+0	0.00000E+0	1.99970E+0	0.00000E+0
5.28700E+0	-1.20068E-2	2.39278E-3	1.14442E-5	1.10555E-3	-9.55777E-7	1.45520E-9	0.00000E+0	0.00000E+0	1.99860E+0	0.00000E+0
5.30420E+0	-1.20164E-2	2.39374E-3	1.14442E-5	1.07766E-3	-9.55952E-7	1.39699E-9	0.00000E+0	0.00000E+0	2.00040E+0	0.00000E+0
5.32130E+0	-1.20555E-2	2.40041E-3	1.09673E-5	9.33293E-4	-9.56476E-7	1.28058E-9	0.00000E+0	0.00000E+0	2.00020E+0	0.00000E+0
5.33850E+0	-1.20984E-2	2.40804E-3	1.10865E-5	8.17064E-4	-9.56825E-7	1.22237E-9	0.00000E+0	0.00000E+0	1.99790E+0	0.00000E+0
5.35560E+0	-1.21213E-2	2.41186E-3	1.06097E-5	7.22054E-4	-9.57349E-7	1.10595E-9	0.00000E+0	0.00000E+0	2.00120E+0	0.00000E+0
5.37280E+0	-1.21728E-2	2.41949E-3	1.03713E-5	6.00699E-4	-9.57698E-7	1.04775E-9	0.00000E+0	0.00000E+0	2.00000E+0	0.00000E+0
5.38990E+0	-1.21689E-2	2.41853E-3	9.89443E-6	6.18819E-4	-9.57814E-7	1.04775E-9	0.00000E+0	0.00000E+0	2.00080E+0	0.00000E+0
5.40710E+0	-1.21842E-2	2.42044E-3	9.41759E-6	5.62076E-4	-9.58105E-7	9.89537E-10	0.00000E+0	0.00000E+0	1.99920E+0	0.00000E+0
5.42420E+0	-1.22071E-2	2.42330E-3	9.29838E-6	4.93292E-4	-9.58513E-7	9.31330E-10	0.00000E+0	0.00000E+0	1.99990E+0	0.00000E+0
5.44140E+0	-1.22271E-2	2.42712E-3	9.17917E-6	4.44891E-4	-9.58804E-7	8.14911E-10	0.00000E+0	0.00000E+0	1.99980E+0	0.00000E+0
5.45850E+0	-1.22576E-2	2.43093E-3	8.94075E-6	3.40464E-4	-9.59502E-7	7.56703E-10	0.00000E+0	0.00000E+0	2.00010E+0	0.00000E+0
5.47570E+0	-1.22872E-2	2.43570E-3	8.46392E-6	2.76448E-4	-9.59910E-7	6.98495E-10	0.00000E+0	0.00000E+0	1.99830E+0	0.00000E+0
5.49290E+0	-1.23006E-2	2.43665E-3	8.10629E-6	2.41638E-4	-9.60201E-7	6.40288E-10	0.00000E+0	0.00000E+0	2.00090E+0	0.00000E+0
5.51000E+0	-1.23129E-2	2.43856E-3	7.98708E-6	1.98246E-4	-9.60725E-7	5.82080E-10	0.00000E+0	0.00000E+0	1.99920E+0	0.00000E+0
5.52720E+0	-1.23292E-2	2.44047E-3	7.74866E-6	1.67728E-4	-9.60958E-7	5.23873E-10	0.00000E+0	0.00000E+0	2.00050E+0	0.00000E+0
5.54430E+0	-1.23311E-2	2.44047E-3	7.51021E-6	1.66059E-4	-9.61074E-7	5.23873E-10	0.00000E+0	0.00000E+0	1.99890E+0	0.00000E+0
5.56150E+0	-1.23406E-2	2.44142E-3	7.51021E-6	1.36615E-4	-9.61540E-7	4.65665E-10	0.00000E+0	0.00000E+0	2.00020E+0	0.00000E+0
5.57860E+0	-1.23473E-2	2.44333E-3	7.27180E-6	1.20521E-4	-9.61714E-7	4.65665E-10	0.00000E+0	0.00000E+0	1.99930E+0	0.00000E+0
5.59580E+0	-1.23520E-2	2.44237E-3	7.15259E-6	1.13845E-4	-9.61831E-7	4.07455E-10	0.00000E+0	0.00000E+0	2.00000E+0	0.00000E+0
5.61290E+0	-1.23540E-2	2.44333E-3	7.15259E-6	1.03713E-4	-9.62180E-7	4.07455E-10	0.00000E+0	0.00000E+0	1.99900E+0	0.00000E+0
5.63010E+0	-1.23635E-2	2.44333E-3	7.03338E-6	9.14340E-5	-9.62296E-7	3.49248E-10	0.00000E+0	0.00000E+0	1.99830E+0	0.00000E+0
5.64720E+0	-1.23625E-2	2.44333E-3	7.03338E-6	8.77385E-5	-9.62529E-7	3.49248E-10	0.00000E+0	0.00000E+0	2.00020E+0	0.00000E+0
5.66440E+0	-1.23711E-2	2.44428E-3	6.91417E-6	6.96187E-5	-9.62878E-7	2.91040E-10	0.00000E+0	0.00000E+0	1.99930E+0	0.00000E+0
5.68150E+0	-1.23768E-2	2.44428E-3	6.79496E-6	5.86512E-5	-9.63228E-7	2.91040E-10	0.00000E+0	0.00000E+0	1.99960E+0	0.00000E+0
5.69870E+0	-1.23854E-2	2.44428E-3	6.79496E-6	4.58958E-5	-9.63577E-7	2.32832E-10	0.00000E+0	0.00000E+0	2.00050E+0	0.00000E+0
5.71580E+0	-1.23902E-2	2.44428E-3	6.55654E-6	3.89817E-5	-9.63752E-7	2.32832E-10	0.00000E+0	0.00000E+0	1.99830E+0	0.00000E+0
5.73300E+0	-1.23911E-2	2.44524E-3	6.55654E-6	3.79088E-5	-9.63810E-7	2.32832E-10	0.00000E+0	0.00000E+0	2.00060E+0	0.00000E+0
5.75020E+0	-1.23940E-2	2.44524E-3	6.55654E-6	3.27828E-5	-9.64043E-7	1.74624E-10	0.00000E+0	0.00000E+0	2.00120E+0	0.00000E+0
5.76730E+0	-1.23978E-2	2.44524E-3	6.43733E-6	2.78951E-5	-9.64275E-7	1.16416E-10	0.00000E+0	0.00000E+0	2.00030E+0	0.00000E+0
5.78450E+0	-1.24007E-2	2.44524E-3	6.43733E-6	2.47956E-5	-9.64392E-7	1.16416E-10	0.00000E+0	0.00000E+0	2.00050E+0	0.00000E+0
5.80160E+0	-1.24045E-2	2.44619E-3	6.43733E-6	1.87160E-5	-9.64741E-7	1.16416E-10	0.00000E+0	0.00000E+0	2.00170E+0	0.00000E+0
5.81880E+0	-1.24083E-2	2.44619E-3	6.43733E-6	1.45436E-5	-9.64916E-7	1.16416E-10	0.00000E+0	0.00000E+0	1.99850E+0	0.00000E+0
5.83590E+0	-1.24093E-2	2.44619E-3	6.31812E-6	1.31131E-5	-9.65032E-7	5.82081E-11	0.00000E+0	0.00000E+0	1.99890E+0	0.00000E+0
5.85280E+0	-1.24131E-2	2.44619E-3	6.31812E-6	9.77522E-6	-9.65265E-7	5.82081E-11	0.00000E+0	0.00000E+0	1.99900E+0	0.00000E+0
5.87000E+0	-1.24159E-2	2.44714E-3	6.19891E-6	6.79496E-6	-9.65440E-7	5.82081E-11	0.00000E+0	0.00000E+0	1.99870E+0	0.00000E+0
5.88720E+0	-1.24179E-2	2.44714E-3	6.19891E-6	5.72208E-6	-9.65498E-7	5.82081E-11	0.00000E+0	0.00000E+0	1.99880E+0	0.00000E+0
5.90430E+0	-1.24188E-2	2.44714E-3	6.07970E-6	5.36445E-6	-9.65556E-7	5.82081E-11	0.00000E+0	0.00000E+0	1.99800E+0	0.00000E+0
5.92150E+0	-1.24188E-2	2.44714E-3	6.19891E-6	5.24524E-6	-9.65614E-7	0.00000E+0	0.00000E+0	0.00000E+0	1.99740E+0	0.00000E+0
5.93860E+0	-1.24217E-2	2.44619E-3	6.07970E-6	2.98025E-6	-9.65789E-7	0.00000E+0	0.00000E+0	0.00000E+0	2.00030E+0	0.00000E+0
5.95580E+0	-1.24226E-2	2.44619E-3	6.07970E-6	2.38420E-6	-9.65847E-7	0.00000E+0	0.00000E+0	0.00000E+0	2.00010E+0	0.00000E+0
5.97290E+0	-1.24255E-2	2.44714E-3	5.96049E-6	7.15259E-7	-9.66022E-7	0.00000E+0	0.00000E+0	0.00000E+0	2.00120E+0	0.00000E+0
5.99010E+0	-1.24274E-2	2.44714E-3	5.96049E-6	-2.38420E-7	-9.66080E-7	0.00000E+0	0.00000E+0	0.00000E+0	1.99910E+0	0.00000E+0
6.00720E+0	-1.24274E-2	2.44714E-3	5.96049E-6	-7.15259E-7	-9.66196E-7	0.00000E+0	0.00000E+0	0.00000E+0	1.99780E+0	0.00000E+0
6.02440E+0	-1.24293E-2	2.44714E-3	5.96049E-6	-9.53682E-7	-9.66196E-7	0.00000E+0	0.00000E+0	0.00000E+0	2.00200E+0	0.00000E+0
6.04150E+0	-1.24293E-2	2.44714E-3	5.96049E-6	-1.07289E-6	-9.66254E-7	-5.82081E-11	0.00000E+0	0.00000E+0	1.99820E+0	0.00000E+0
6.05870E+0	-1.24303E-2	2.44619E-3	5.96049E-6	-1.31131E-6	-9.66313E-7	-5.82081E-11	0.00000E+0	0.00000E+0	2.00110E+0	0.00000E+0
6.07580E+0	-1.24312E-2	2.44619E-3	5.84128E-6	-1.66894E-6	-9.66371E-7	-5.82081E-11	0.00000E+0	0.00000E+0	1.99990E+0	0.00000E+0
6.09300E+0	-1.24312E-2	2.44714E-3	5.84128E-6	-1.66894E-6	-9.66371E-7	-5.82081E-11	0.00000E+0	0.00000E+0	1.99880E+0	0.00000E+0
6.11010E+0	-1.24322E-2	2.44714E-3	5.96049E-6	-1.90736E-6	-9.66429E-7	-5.82081E-11	0.00000E+0	0.00000E+0	2.00370E+0	0.00000E+0
6.12730E+0	-1.24322E-2	2.44714E-3	5.84128E-6	-2.02657E-6	-9.66429E-7	-5.82081E-11	0.00000E+0	0.00000E+0	1.99990E+0	0.00000E+0
6.14450E+0	-1.24322E-2	2.44714E-3	5.84128E-6	-2.02657E-6	-9.66429E-7	-5.82081E-11	0.00000E+0	0.00000E+0	1.99990E+0	0.00000E+0
6.16160E+0	-1.24331E-2	2.44619E-3	5.84128E-6	-2.02657E-6	-9.66487E-7	-5.82081E-11	0.00000E+0	0.00000E+0	2.00120E+0	0.00000E+0
6.17880E+0	-1.24331E-2	2.44714E-3	5.84128E-6	-2.14578E-6	-9.66487E-7	-1.16416E-10	0.00000E+0	0.00000E+0	1.99840E+0	0.00000E+0
6.19590E+0	-1.24331E-2	2.44714E-3	5.84128E-6	-2.14578E-6	-9.66545E-7	-5.82081E-11	0.00000E+0	0.00000E+0	1.99810E+0	0.00000E+0
6.21310E+0	-1.24341E-2	2.44714E-3	5.84128E-6	-2.14578E-6	-9.66545E-7	-1.16416E-10	0.00000E+0	0.00000E+0	2.00000E+0	0.00000E+0
6.23020E+0	-1.24341E-2	2.44619E-3	5.84128E-6	-2.14578E-6	-9.66545E-7	-1.16416E-10	0.00000E+0	0.00000E+0	2.00050E+0	0.00000E+0
6.24740E+0	-1.24341E-2	2.44619E-3	5.84128E-6	-2.14578E-6	-9.66545E-7	-1.16416E-10	0.00000E+0	0.00000E+0	2.00200E+0	0.00000E+0
6.26450E+0	-1.24341E-2	2.44619E-3	5.84128E-6	-2.26499E-6	-9.66604E-7	-1.16416E-10	0.00000E+0	0.00000E+0	1.99980E+0	0.00000E+0
6.28170E+0	-1.24341E-2	2.44524E-3	5.84128E-6	-2.26499E-6	-9.66604E-7	-1.16416E-10	0.00000E+0	0.00000E+0	2.00100E+0	0.00000E+0
6.29880E+0	-1.24341E-2	2.44619E-3	5.84128E-6	-2.26499E-6	-9.66604E-7	-1.16416E-10	0.00000E+0	0.00000E+0	2.00050E+0	0.00000E+0
6.31600E+0	-1.24341E-2	2.44619E-3	5.84128E-6	-2.38420E-6	-9.66604E-7	-1.16416E-10	0.00000E+0	0.00000E+0	1.99830E+0	0.00000E+0
6.33310E+0	-1.24341E-2	2.44619E-3	5.84128E-6	-2.38420E-6	-9.66604E-7	-1.16416E-10	0.00000E+0	0.00000E+0	1.99970E+0	0.00000E+0
6.35030E+0	-1.24341E-2	2.44619E-3	5.84128E-6	-2.38420E-6	-9.66604E-7	-1.16416E-10	0.00000E+0	0.00000E+0	2.00050E+0	0.00000E+0
6.36740E+0	-1.24341E-2	2.44619E-3	5.84128E-6	-2.38420E-6	-9.66604E-7	-1.16416E-10	0.00000E+0	0.00000E+0	1.99740E+0	0.00000E+0
6.38460E+0	-1.24341E-2	2.44619E-3	5.84128E-6	-2.26499E-6	-9.66604E-7	-1.16416E-10	0.00000E+0	0.00000E+0	1.99770E+0	0.00000E+0
6.40180E+0	-1.24341E-2	2.44619E-3	5.84128E-6	-2.26499E-6	-9.66604E-7	-1.16416E-10	0.00000E+0	0.00000E+0	2.00160E+0	0.00000E+0
6.41890E+0	-1.24341E-2	2.44714E-3	5.84128E-6	-2.26499E-6	-9.66604E-7	-1.16416E-10	0.00000E+0	0.00000E+0	1.99800E+0	0.00000E+0
6.43610E+0	-1.24341E-2	2.44619E-3	5.84128E-6	-2.14578E-6	-9.66662E-7	-1.16416E-10	0.00000E+0	0.00000E+0	1.99670E+0	0.00000E+0
6.45320E+0	-1.24341E-2	2.44714E-3	5.96049E-6	-2.14578E-6	-9.66604E-7	-1.16416E-10	0.00000E+0	0.00000E+0	2.00210E+0	0.00000E+0
6.47040E+0	-1.24341E-2	2.44619E-3	5.84128E-6	-2.14578E-6	-9.66662E-7	-1.16416E-10	0.00000E+0	0.00000E+0	1.99960E+0	0.00000E+0
6.48750E+0	-1.24341E-2	2.44619E-3	5.96049E-6	-2.14578E-6	-9.66662E-7	-1.16416E-10	0.00000E+0	0.00000E+0	2.00130E+0	0.00000E+0
6.50470E+0	-1.24341E-2	2.44619E-3	5.96049E-6	-2.14578E-6	-9.66604E-7	-1.16416E-10	0.00000E+0	0.00000E+0	2.00120E+0	0.00000E+0
6.52180E+0	-1.24341E-2	2.44524E-3	5.96049E-6	-2.14578E-6	-9.66604E-7	-1.16416E-10	0.00000E+0	0.00000E+0	1.99970E+0	0.00000E+0
6.53900E+0	-1.24341E-2	2.44619E-3	5.96049E-6	-2.02657E-6	-9.66604E-7	-1.16416E-10	0.00000E+0	0.00000E+0	1.99820E+0	0.00000E+0
6.55610E+0	-1.24341E-2	2.44619E-3	5.96049E-6	-2.02657E-6	-9.66662E-7	-1.16416E-10	0.00000E+0	0.00000E+0	1.99900E+0	0.00000E+0
6.57330E+0	-1.24341E-2	2.44619E-3	5.96049E-6	-1.90736E-6	-9.66604E-7	-1.16416E-10	0.00000E+0	0.00000E+0	2.00100E+0	0.00000E+0
6.59040E+0	-1.24350E-2	2.44524E-3	5.96049E-6	-1.90736E-6	-9.66604E-7	-1.16416E-10	0.00000E+0	0.00000E+0	2.00290E+0	0.00000E+0
6.60760E+0	-1.24341E-2	2.44714E-3	5.96049E-6	-1.66894E-6	-9.66604E-7	-1.16416E-10	0.00000E+0	0.00000E+0	1.99830E+0	0.00000E+0
6.62480E+0	-1.24341E-2	2.44619E-3	5.96049E-6	-1.54973E-6	-9.66604E-7	-1.16416E-10	0.00000E+0	0.00000E+0	1.99920E+0	0.00000E+0
6.64190E+0	-1.24350E-2	2.44619E-3	5.96049E-6	-1.31131E-6	-9.66604E-7	-1.16416E-10	0.00000E+0	0.00000E+0	1.99990E+0	0.00000E+0
6.65910E+0	-1.24350E-2	2.44619E-3	5.96049E-6	-1.19210E-6	-9.66604E-7	-1.16416E-10	0.00000E+0	0.00000E+0	1.99920E+0	0.00000E+0
6.67620E+0	-1.24350E-2	2.44619E-3	5.96049E-6	-9.53682E-7	-9.66604E-7	-1.16416E-10	0.00000E+0	0.00000E+0	2.00040E+0	0.00000E+0
6.69340E+0	-1.24341E-2	2.44714E-3	5.96049E-6	-5.96050E-7	-9.66604E-7	-1.16416E-10	0.00000E+0	0.00000E+0	2.00100E+0	0.00000E+0
6.71050E+0	-1.24341E-2	2.44619E-3	6.07970E-6	-2.38420E-7	-9.66604E-7	-1.16416E-10	0.00000E+0	0.00000E+0	1.99760E+0	0.00000E+0
6.72770E+0	-1.24341E-2	2.44714E-3	5.96049E-6	-1.19210E-7	-9.66662E-7	-1.16416E-10	0.00000E+0	0.00000E+0	1.99970E+0	0.00000E+0
6.74480E+0	-1.24341E-2	2.44714E-3	5.96049E-6	9.53682E-7	-9.66604E-7	-1.16416E-10	0.00000E+0	0.00000E+0	1.99940E+0	0.00000E+0
6.76200E+0	-1.24341E-2	2.44714E-3	6.07970E-6	1.66894E-6	-9.66604E-7	-1.16416E-10	0.00000E+0	0.00000E+0	2.00060E+0	0.00000E+0
6.77910E+0	-1.24341E-2	2.44714E-3	6.07970E-6	3.45708E-6	-9.66604E-7	-1.16416E-10	0.00000E+0	0.00000E+0	2.00140E+0	0.00000E+0
6.79630E+0	-1.24341E-2	2.44714E-3	6.07970E-6	4.41077E-6	-9.66604E-7	-1.16416E-10	0.00000E+0	0.00000E+0	1.99820E+0	0.00000E+0
6.81340E+0	-1.24341E-2	2.44810E-3	6.07970E-6	7.03338E-6	-9.66604E-7	-1.16416E-10	0.00000E+0	0.00000E+0	1.99850E+0	0.00000E+0
6.83060E+0	-1.24341E-2	2.44714E-3	6.07970E-6	7.74866E-6	-9.66604E-7	-1.16416E-10	0.00000E+0	0.00000E+0	2.00050E+0	0.00000E+0
6.84770E+0	-1.24341E-2	2.44810E-3	5.96049E-6	1.07289E-5	-9.66604E-7	-1.16416E-10	0.00000E+0	0.00000E+0	1.99870E+0	0.00000E+0
6.86490E+0	-1.24341E-2	2.44810E-3	5.96049E-6	1.21594E-5	-9.66604E-7	-1.16416E-10	0.00000E+0	0.00000E+0	1.99910E+0	0.00000E+0
6.88210E+0	-1.24331E-2	2.44905E-3	5.96049E-6	1.65702E-5	-9.66604E-7	-5.82081E-11	0.00000E+0	0.00000E+0	2.00290E+0	0.00000E+0
6.89920E+0	-1.24331E-2	2.44905E-3	5.96049E-6	1.87160E-5	-9.66604E-7	-5.82081E-11	0.00000E+0	0.00000E+0	2.00040E+0	0.00000E+0
6.91640E+0	-1.24331E-2	2.44905E-3	5.96049E-6	2.21730E-5	-9.66604E-7	-5.82081E-11	0.00000E+0	0.00000E+0	1.99830E+0	0.00000E+0
6.93350E+0	-1.24322E-2	2.44905E-3	5.96049E-6	2.98024E-5	-9.66545E-7	-5.82081E-11	0.00000E+0	0.00000E+0	2.00210E+0	0.00000E+0
6.95070E+0	-1.24322E-2	2.45000E-3	5.84128E-6	3.21867E-5	-9.66545E-7	-5.82081E-11	0.00000E+0	0.00000E+0	1.99710E+0	0.00000E+0
6.96780E+0	-1.24322E-2	2.44905E-3	5.84128E-6	4.08890E-5	-9.66545E-7	-5.82081E-11	0.00000E+0	0.00000E+0	1.99930E+0	0.00000E+0
6.98500E+0	-1.24312E-2	2.45096E-3	5.72208E-6	5.12602E-5	-9.66545E-7	-5.82081E-11	0.00000E+0	0.00000E+0	1.99950E+0	0.00000E+0
7.00210E+0	-1.24312E-2	2.45096E-3	5.72208E-6	5.14986E-5	-9.66545E-7	-5.82081E-11	0.00000E+0	0.00000E+0	2.00200E+0	0.00000E+0
7.01930E+0	-1.24312E-2	2.45096E-3	5.60287E-6	5.81744E-5	-9.66545E-7	0.00000E+0	0.00000E+0	0.00000E+0	2.00000E+0	0.00000E+0
7.03640E+0	-1.24303E-2	2.45096E-3	5.48366E-6	6.84266E-5	-9.66487E-7	0.00000E+0	0.00000E+0	0.00000E+0	1.99960E+0	0.00000E+0
7.05360E+0	-1.24303E-2	2.45096E-3	5.36445E-6	7.35526E-5	-9.66487E-7	0.00000E+0	0.00000E+0	0.00000E+0	1.99920E+0	0.00000E+0
7.07070E+0	-1.24293E-2	2.45191E-3	5.36445E-6	8.07052E-5	-9.66429E-7	0.00000E+0	0.00000E+0	0.00000E+0	2.00330E+0	0.00000E+0
7.08790E+0	-1.24293E-2	2.45191E-3	5.12603E-6	9.01227E-5	-9.66429E-7	0.00000E+0	0.00000E+0	0.00000E+0	2.00130E+0	0.00000E+0
7.10500E+0	-1.24293E-2	2.45191E-3	5.12603E-6	9.42950E-5	-9.66429E-7	0.00000E+0	0.00000E+0	0.00000E+0	1.99980E+0	0.00000E+0
7.12220E+0	-1.24283E-2	2.45287E-3	5.12603E-6	1.12296E-4	-9.66371E-7	0.00000E+0	0.00000E+0	0.00000E+0	1.99750E+0	0.00000E+0
7.13940E+0	-1.24274E-2	2.45287E-3	4.76840E-6	1.48536E-4	-9.66313E-7	5.82081E-11	0.00000E+0	0.00000E+0	2.00030E+0	0.00000E+0
7.15650E+0	-1.24274E-2	2.45382E-3	4.17235E-6	1.57715E-4	-9.66313E-7	5.82081E-11	0.00000E+0	0.00000E+0	1.99900E+0	0.00000E+0
7.17370E+0	-1.24274E-2	2.45382E-3	4.05314E-6	1.80245E-4	-9.66254E-7	5.82081E-11	0.00000E+0	0.00000E+0	2.00060E+0	0.00000E+0
7.19080E+0	-1.24264E-2	2.45382E-3	3.69550E-6	1.85252E-4	-9.66254E-7	5.82081E-11	0.00000E+0	0.00000E+0	1.99900E+0	0.00000E+0
7.20800E+0	-1.24264E-2	2.45382E-3	3.93394E-6	1.84418E-4	-9.66254E-7	5.82081E-11	0.00000E+0	0.00000E+0	1.99830E+0	0.00000E+0
7.22510E+0	-1.24255E-2	2.45477E-3	3.93394E-6	2.02418E-4	-9.66196E-7	5.82081E-11	0.00000E+0	0.00000E+0	1.99890E+0	0.00000E+0
7.24230E+0	-1.24255E-2	2.45382E-3	3.81473E-6	2.29121E-4	-9.66138E-7	1.16416E-10	0.00000E+0	0.00000E+0	2.00170E+0	0.00000E+0
7.25940E+0	-1.24236E-2	2.45477E-3	3.57629E-6	2.72514E-4	-9.66022E-7	1.16416E-10	0.00000E+0	0.00000E+0	1.99990E+0	0.00000E+0
7.27660E+0	-1.24226E-2	2.45477E-3	2.98025E-6	3.05416E-4	-9.65963E-7	1.74624E-10	0.00000E+0	0.00000E+0	1.99880E+0	0.00000E+0
7.29370E+0	-1.24226E-2	2.45573E-3	2.98025E-6	3.40464E-4	-9.65905E-7	2.32832E-10	0.00000E+0	0.00000E+0	1.99980E+0	0.00000E+0
7.31090E+0	-1.24207E-2	2.45477E-3	2.62262E-6	3.58464E-4	-9.65905E-7	2.32832E-10	0.00000E+0	0.00000E+0	2.00200E+0	0.00000E+0
7.32800E+0	-1.24207E-2	2.45573E-3	2.62262E-6	3.98161E-4	-9.65731E-7	2.32832E-10	0.00000E+0	0.00000E+0	1.99840E+0	0.00000E+0
7.34520E+0	-1.24198E-2	2.45573E-3	2.50341E-6	4.14373E-4	-9.65672E-7	2.91040E-10	0.00000E+0	0.00000E+0	1.99750E+0	0.00000E+0
7.36240E+0	-1.24179E-2	2.45477E-3	2.50341E-6	4.93292E-4	-9.65498E-7	2.91040E-10	0.00000E+0	0.00000E+0	1.99960E+0	0.00000E+0
7.37950E+0	-1.24169E-2	2.45573E-3	2.50341E-6	4.99491E-4	-9.65440E-7	3.49248E-10	0.00000E+0	0.00000E+0	1.99900E+0	0.00000E+0
7.39670E+0	-1.24159E-2	2.45573E-3	2.74183E-6	5.54446E-4	-9.65323E-7	3.49248E-10	0.00000E+0	0.00000E+0	1.99880E+0	0.00000E+0
7.41380E+0	-1.24140E-2	2.45573E-3	3.09946E-6	6.08686E-4	-9.65265E-7	4.65665E-10	0.00000E+0	0.00000E+0	1.99810E+0	0.00000E+0
7.43100E+0	-1.24121E-2	2.45573E-3	4.05314E-6	6.65311E-4	-9.65090E-7	5.23873E-10	0.00000E+0	0.00000E+0	2.00180E+0	0.00000E+0
7.44810E+0	-1.24093E-2	2.45668E-3	5.00682E-6	7.92746E-4	-9.64799E-7	5.82080E-10	0.00000E+0	0.00000E+0	1.99870E+0	0.00000E+0
7.46530E+0	-1.24074E-2	2.45573E-3	7.27180E-6	8.56165E-4	-9.64625E-7	6.98495E-10	0.00000E+0	0.00000E+0	2.00030E+0	0.00000E+0
7.48240E+0	-1.24055E-2	2.45573E-3	8.58313E-6	9.36512E-4	-9.64508E-7	7.56703E-10	0.00000E+0	0.00000E+0	2.00050E+0	0.00000E+0
7.49960E+0	-1.24026E-2	2.45668E-3	9.65601E-6	1.04047E-3	-9.64159E-7	8.14911E-10	0.00000E+0	0.00000E+0	2.00070E+0	0.00000E+0
7.51670E+0	-1.24007E-2	2.45668E-3	1.00136E-5	1.12379E-3	-9.63926E-7	9.31330E-10	0.00000E+0	0.00000E+0	2.00010E+0	0.00000E+0
7.53390E+0	-1.23940E-2	2.45763E-3	9.53680E-6	1.34695E-3	-9.63460E-7	1.10595E-9	0.00000E+0	0.00000E+0	1.99940E+0	0.00000E+0
7.55100E+0	-1.23921E-2	2.45763E-3	6.19891E-6	1.40203E-3	-9.63286E-7	1.16416E-9	0.00000E+0	0.00000E+0	1.99910E+0	0.00000E+0
7.56820E+0	-1.23873E-2	2.45763E-3	5.60287E-6	1.60063E-3	-9.62762E-7	1.39699E-9	0.00000E+0	0.00000E+0	1.99890E+0	0.00000E+0
7.58530E+0	-1.23807E-2	2.45763E-3	1.19210E-7	1.82582E-3	-9.62413E-7	1.51341E-9	0.00000E+0	0.00000E+0	1.99910E+0	0.00000E+0
7.60250E+0	-1.23797E-2	2.45763E-3	-5.96049E-6	1.82129E-3	-9.62180E-7	1.57161E-9	0.00000E+0	0.00000E+0	2.00050E+0	0.00000E+0
7.61970E+0	-1.23711E-2	2.45763E-3	-5.72208E-6	2.18429E-3	-9.60899E-7	2.09549E-9	0.00000E+0	0.00000E+0	1.99920E+0	0.00000E+0
7.63680E+0	-1.23520E-2	2.45954E-3	-1.90736E-5	2.18429E-3	-9.60084E-7	2.32832E-9	0.00000E+0	0.00000E+0	1.99870E+0	0.00000E+0
7.65400E+0	-1.23578E-2	2.45763E-3	-3.23060E-5	2.18429E-3	-9.60608E-7	2.15370E-9	0.00000E+0	0.00000E+0	1.99750E+0	0.00000E+0
7.67110E+0	-1.23540E-2	2.45859E-3	-2.33651E-5	2.18429E-3	-9.59444E-7	2.61936E-9	0.00000E+0	0.00000E+0	1.99980E+0	0.00000E+0
7.68830E+0	-1.23358E-2	2.46049E-3	-3.29020E-5	2.18429E-3	-9.58978E-7	2.73577E-9	0.00000E+0	0.00000E+0	1.99920E+0	0.00000E+0
7.70000E+0	-1.23435E-2	2.45954E-3	-4.29156E-5	2.18429E-3	-9.59793E-7	2.44474E-9	0.00000E+0	0.00000E+0	2.00110E+0	0.00000E+0
