B (T)	X1(V)	Y1 (V)	X2(V)	Y2(V)	X3 (V)	Y3 (V)	X4 (V)	Y4 (V)	SensA (V)	SensB (V)
0.00000E+0	2.54633E-4	-4.95913E-5	1.18233E-3	4.52998E-6	-9.76732E-7	-2.38653E-9	0.00000E+0	0.00000E+0	2.00210E+0	0.00000E+0
0.00000E+0	2.39373E-4	-4.67303E-5	7.16928E-4	3.09946E-6	-9.76790E-7	-2.38653E-9	0.00000E+0	0.00000E+0	2.00280E+0	0.00000E+0
0.00000E+0	2.16485E-4	-4.19619E-5	7.08584E-4	3.09946E-6	-9.76848E-7	-2.38653E-9	0.00000E+0	0.00000E+0	1.99960E+0	0.00000E+0
-1.96300E-1	1.93597E-4	-3.81472E-5	7.01193E-4	3.09946E-6	-9.76906E-7	-2.44474E-9	0.00000E+0	0.00000E+0	1.99810E+0	0.00000E+0
-1.79200E-1	1.71662E-4	-3.33788E-5	6.94279E-4	3.09946E-6	-9.76965E-7	-2.44474E-9	0.00000E+0	0.00000E+0	1.99830E+0	0.00000E+0
-1.62000E-1	1.48774E-4	-2.95640E-5	6.87603E-4	3.09946E-6	-9.76965E-7	-2.44474E-9	0.00000E+0	0.00000E+0	2.00010E+0	0.00000E+0
-1.44900E-1	1.27793E-4	-2.47956E-5	6.81881E-4	3.09946E-6	-9.77023E-7	-2.44474E-9	0.00000E+0	0.00000E+0	2.00050E+0	0.00000E+0
-1.27700E-1	1.05858E-4	-2.00273E-5	6.76636E-4	3.09946E-6	-9.77023E-7	-2.44474E-9	0.00000E+0	0.00000E+0	2.00210E+0	0.00000E+0
-1.10600E-1	8.39238E-5	-1.62126E-5	6.71390E-4	3.09946E-6	-9.77081E-7	-2.50294E-9	0.00000E+0	0.00000E+0	2.00010E+0	1.02920E+0
-9.34000E-2	6.29430E-5	-1.23978E-5	6.66622E-4	2.86104E-6	-9.77139E-7	-2.50294E-9	0.00000E+0	0.00000E+0	2.00000E+0	1.08570E+0
-7.63000E-2	4.19619E-5	-8.58313E-6	6.62092E-4	2.86104E-6	-9.77139E-7	-2.50294E-9	0.00000E+0	0.00000E+0	2.00060E+0	1.11190E+0
-5.91000E-2	2.09810E-5	-4.76840E-6	6.57801E-4	2.86104E-6	-9.77139E-7	-2.50294E-9	0.00000E+0	0.00000E+0	1.99810E+0	1.12700E+0
-4.20000E-2	0.00000E+0	0.00000E+0	6.53747E-4	2.86104E-6	-9.77139E-7	-2.50294E-9	0.00000E+0	0.00000E+0	2.00190E+0	1.13580E+0
-2.48000E-2	-2.09810E-5	3.81473E-6	6.50171E-4	2.86104E-6	-9.77197E-7	-2.50294E-9	0.00000E+0	0.00000E+0	1.99720E+0	1.13020E+0
-7.70000E-3	-4.19619E-5	7.62945E-6	6.46595E-4	2.86104E-6	-9.77197E-7	-2.50294E-9	0.00000E+0	0.00000E+0	1.99950E+0	1.12430E+0
9.50000E-3	-6.29430E-5	1.14442E-5	6.43257E-4	2.86104E-6	-9.77197E-7	-2.50294E-9	0.00000E+0	0.00000E+0	1.99960E+0	1.05030E+0
2.67000E-2	-8.29701E-5	1.52589E-5	6.40158E-4	2.86104E-6	-9.77197E-7	-2.50294E-9	0.00000E+0	0.00000E+0	1.99880E+0	0.00000E+0
4.38000E-2	-1.02997E-4	1.90736E-5	6.36820E-4	2.62262E-6	-9.77197E-7	-2.50294E-9	0.00000E+0	0.00000E+0	1.99930E+0	0.00000E+0
6.10000E-2	-1.23979E-4	2.38420E-5	6.33720E-4	2.86104E-6	-9.77197E-7	-2.50294E-9	0.00000E+0	0.00000E+0	1.99920E+0	0.00000E+0
7.81000E-2	-1.44006E-4	2.76567E-5	6.30621E-4	2.62262E-6	-9.77197E-7	-2.50294E-9	0.00000E+0	0.00000E+0	2.00090E+0	0.00000E+0
9.53000E-2	-1.64033E-4	3.14715E-5	6.27998E-4	2.62262E-6	-9.77256E-7	-2.50294E-9	0.00000E+0	0.00000E+0	1.99930E+0	0.00000E+0
1.12400E-1	-1.84060E-4	3.52862E-5	6.25614E-4	2.62262E-6	-9.77256E-7	-2.50294E-9	0.00000E+0	0.00000E+0	1.99820E+0	0.00000E+0
1.29600E-1	-2.04087E-4	3.91009E-5	6.23230E-4	2.62262E-6	-9.77256E-7	-2.50294E-9	0.00000E+0	0.00000E+0	1.99950E+0	0.00000E+0
1.46700E-1	-2.24114E-4	4.29156E-5	6.21084E-4	2.62262E-6	-9.77197E-7	-2.50294E-9	0.00000E+0	0.00000E+0	1.99850E+0	0.00000E+0
1.63900E-1	-2.44142E-4	4.67303E-5	6.18700E-4	2.62262E-6	-9.77197E-7	-2.50294E-9	0.00000E+0	0.00000E+0	2.00120E+0	0.00000E+0
1.81000E-1	-2.64170E-4	5.05450E-5	6.16793E-4	2.62262E-6	-9.77197E-7	-2.50294E-9	0.00000E+0	0.00000E+0	2.00010E+0	0.00000E+0
1.98200E-1	-2.84197E-4	5.43597E-5	6.14647E-4	2.62262E-6	-9.77197E-7	-2.50294E-9	0.00000E+0	0.00000E+0	1.99960E+0	0.00000E+0
2.15300E-1	-3.04224E-4	5.81744E-5	6.12501E-4	2.62262E-6	-9.77197E-7	-2.50294E-9	0.00000E+0	0.00000E+0	2.00000E+0	0.00000E+0
2.32500E-1	-3.24251E-4	6.19893E-5	6.10594E-4	2.62262E-6	-9.77197E-7	-2.50294E-9	0.00000E+0	0.00000E+0	1.99880E+0	0.00000E+0
2.49700E-1	-3.44278E-4	6.58040E-5	6.08925E-4	2.62262E-6	-9.77197E-7	-2.50294E-9	0.00000E+0	0.00000E+0	1.99830E+0	0.00000E+0
2.66800E-1	-3.63352E-4	6.96187E-5	6.07017E-4	2.62262E-6	-9.77197E-7	-2.50294E-9	0.00000E+0	0.00000E+0	2.00080E+0	0.00000E+0
2.84000E-1	-3.83379E-4	7.34334E-5	6.05348E-4	2.62262E-6	-9.77197E-7	-2.50294E-9	0.00000E+0	0.00000E+0	1.99930E+0	0.00000E+0
3.01100E-1	-4.03406E-4	7.72481E-5	6.03680E-4	2.62262E-6	-9.77139E-7	-2.50294E-9	0.00000E+0	0.00000E+0	2.00050E+0	0.00000E+0
3.18300E-1	-4.22480E-4	8.10628E-5	6.02011E-4	2.62262E-6	-9.77139E-7	-2.50294E-9	0.00000E+0	0.00000E+0	2.00030E+0	0.00000E+0
3.35400E-1	-4.42507E-4	8.48775E-5	6.00103E-4	2.62262E-6	-9.77139E-7	-2.50294E-9	0.00000E+0	0.00000E+0	1.99980E+0	0.00000E+0
3.52600E-1	-4.62534E-4	8.86922E-5	5.98673E-4	2.62262E-6	-9.77139E-7	-2.50294E-9	0.00000E+0	0.00000E+0	2.00050E+0	0.00000E+0
3.69700E-1	-4.81607E-4	9.25069E-5	5.96765E-4	2.62262E-6	-9.77139E-7	-2.50294E-9	0.00000E+0	0.00000E+0	1.99840E+0	0.00000E+0
3.86900E-1	-5.00683E-4	9.63216E-5	5.95096E-4	2.62262E-6	-9.77139E-7	-2.50294E-9	0.00000E+0	0.00000E+0	2.00010E+0	0.00000E+0
4.04000E-1	-5.20710E-4	1.00136E-4	5.93428E-4	2.38420E-6	-9.77139E-7	-2.50294E-9	0.00000E+0	0.00000E+0	2.00230E+0	0.00000E+0
4.21200E-1	-5.39783E-4	1.03951E-4	5.91520E-4	2.38420E-6	-9.77081E-7	-2.50294E-9	0.00000E+0	0.00000E+0	1.99930E+0	0.00000E+0
4.38300E-1	-5.59811E-4	1.07766E-4	5.89851E-4	2.38420E-6	-9.77081E-7	-2.50294E-9	0.00000E+0	0.00000E+0	1.99840E+0	0.00000E+0
4.55500E-1	-5.78884E-4	1.10627E-4	5.88421E-4	2.38420E-6	-9.77081E-7	-2.50294E-9	0.00000E+0	0.00000E+0	1.99920E+0	0.00000E+0
4.72600E-1	-5.98911E-4	1.14441E-4	5.86275E-4	2.38420E-6	-9.77081E-7	-2.50294E-9	0.00000E+0	0.00000E+0	2.00120E+0	0.00000E+0
4.89800E-1	-6.17031E-4	1.19210E-4	5.84129E-4	2.38420E-6	-9.77023E-7	-2.50294E-9	0.00000E+0	0.00000E+0	2.00180E+0	0.00000E+0
5.07000E-1	-6.37058E-4	1.22071E-4	5.83652E-4	2.38420E-6	-9.77023E-7	-2.50294E-9	0.00000E+0	0.00000E+0	2.00130E+0	0.00000E+0
5.24100E-1	-6.56132E-4	1.25886E-4	5.79122E-4	2.38420E-6	-9.77023E-7	-2.50294E-9	0.00000E+0	0.00000E+0	1.99860E+0	0.00000E+0
5.41300E-1	-6.75205E-4	1.29701E-4	5.80076E-4	2.14578E-6	-9.77023E-7	-2.50294E-9	0.00000E+0	0.00000E+0	2.00040E+0	0.00000E+0
5.58400E-1	-6.94279E-4	1.33515E-4	5.74593E-4	2.14578E-6	-9.77023E-7	-2.50294E-9	0.00000E+0	0.00000E+0	2.00020E+0	0.00000E+0
5.75600E-1	-7.13352E-4	1.37330E-4	5.76977E-4	2.14578E-6	-9.77023E-7	-2.50294E-9	0.00000E+0	0.00000E+0	2.00180E+0	0.00000E+0
5.92700E-1	-7.33379E-4	1.41145E-4	5.67917E-4	2.14578E-6	-9.77023E-7	-2.50294E-9	0.00000E+0	0.00000E+0	2.00120E+0	0.00000E+0
6.09900E-1	-7.51499E-4	1.44006E-4	5.75069E-4	2.14578E-6	-9.77023E-7	-2.50294E-9	0.00000E+0	0.00000E+0	1.99670E+0	0.00000E+0
6.27000E-1	-7.71526E-4	1.47820E-4	5.61718E-4	2.14578E-6	-9.77023E-7	-2.50294E-9	0.00000E+0	0.00000E+0	2.00280E+0	0.00000E+0
6.44200E-1	-7.90600E-4	1.52589E-4	5.67440E-4	2.14578E-6	-9.76965E-7	-2.50294E-9	0.00000E+0	0.00000E+0	2.00020E+0	0.00000E+0
6.61300E-1	-8.08720E-4	1.55450E-4	5.66725E-4	2.14578E-6	-9.77023E-7	-2.50294E-9	0.00000E+0	0.00000E+0	2.00010E+0	0.00000E+0
6.78500E-1	-8.28747E-4	1.59265E-4	5.47413E-4	2.14578E-6	-9.76965E-7	-2.50294E-9	0.00000E+0	0.00000E+0	2.00060E+0	0.00000E+0
6.95600E-1	-8.47820E-4	1.63079E-4	5.66486E-4	2.14578E-6	-9.77023E-7	-2.50294E-9	0.00000E+0	0.00000E+0	1.99900E+0	0.00000E+0
7.12800E-1	-8.64986E-4	1.65940E-4	5.59334E-4	2.14578E-6	-9.77023E-7	-2.50294E-9	0.00000E+0	0.00000E+0	1.99940E+0	0.00000E+0
7.29900E-1	-8.85967E-4	1.70709E-4	5.30962E-4	2.14578E-6	-9.76906E-7	-2.50294E-9	0.00000E+0	0.00000E+0	1.99770E+0	0.00000E+0
7.47100E-1	-9.05041E-4	1.74523E-4	5.55757E-4	2.14578E-6	-9.76965E-7	-2.50294E-9	0.00000E+0	0.00000E+0	2.00000E+0	0.00000E+0
7.64300E-1	-9.21253E-4	1.77384E-4	5.67678E-4	2.14578E-6	-9.77023E-7	-2.50294E-9	0.00000E+0	0.00000E+0	1.99890E+0	0.00000E+0
7.81400E-1	-9.42234E-4	1.81199E-4	5.22617E-4	2.14578E-6	-9.76965E-7	-2.50294E-9	0.00000E+0	0.00000E+0	2.00020E+0	0.00000E+0
7.98600E-1	-9.64168E-4	1.85967E-4	5.13796E-4	2.14578E-6	-9.76906E-7	-2.44474E-9	0.00000E+0	0.00000E+0	2.00060E+0	0.00000E+0
8.15700E-1	-9.79431E-4	1.88828E-4	5.63625E-4	2.14578E-6	-9.76965E-7	-2.50294E-9	0.00000E+0	0.00000E+0	2.00130E+0	0.00000E+0
8.32900E-1	-9.94690E-4	1.91689E-4	5.66009E-4	2.14578E-6	-9.77081E-7	-2.50294E-9	0.00000E+0	0.00000E+0	2.00030E+0	0.00000E+0
8.50000E-1	-1.01853E-3	1.96458E-4	5.02590E-4	1.90736E-6	-9.76965E-7	-2.50294E-9	0.00000E+0	0.00000E+0	2.00140E+0	0.00000E+0
8.67200E-1	-1.04142E-3	2.01226E-4	4.77077E-4	1.66894E-6	-9.76790E-7	-2.44474E-9	0.00000E+0	0.00000E+0	1.99860E+0	0.00000E+0
8.84300E-1	-1.05668E-3	2.03134E-4	5.39307E-4	2.14578E-6	-9.76906E-7	-2.44474E-9	0.00000E+0	0.00000E+0	2.00170E+0	0.00000E+0
9.01500E-1	-1.06908E-3	2.05041E-4	5.87944E-4	2.14578E-6	-9.77023E-7	-2.50294E-9	0.00000E+0	0.00000E+0	1.99970E+0	0.00000E+0
9.18600E-1	-1.08815E-3	2.09809E-4	5.45029E-4	2.14578E-6	-9.77081E-7	-2.56115E-9	0.00000E+0	0.00000E+0	2.00190E+0	0.00000E+0
9.35800E-1	-1.11676E-3	2.14578E-4	4.57050E-4	1.66894E-6	-9.76906E-7	-2.50294E-9	0.00000E+0	0.00000E+0	1.99850E+0	0.00000E+0
9.52900E-1	-1.13965E-3	2.19346E-4	4.35593E-4	1.43052E-6	-9.76732E-7	-2.44474E-9	0.00000E+0	0.00000E+0	2.00080E+0	0.00000E+0
9.70100E-1	-1.15205E-3	2.22207E-4	5.19279E-4	1.90736E-6	-9.76790E-7	-2.44474E-9	0.00000E+0	0.00000E+0	2.00010E+0	0.00000E+0
9.87200E-1	-1.16063E-3	2.23161E-4	6.03918E-4	2.38420E-6	-9.76965E-7	-2.50294E-9	0.00000E+0	0.00000E+0	2.00040E+0	0.00000E+0
1.00440E+0	-1.17589E-3	2.26022E-4	5.95096E-4	2.14578E-6	-9.77081E-7	-2.50294E-9	0.00000E+0	0.00000E+0	2.00210E+0	0.00000E+0
1.02160E+0	-1.20545E-3	2.31744E-4	4.99252E-4	1.90736E-6	-9.76965E-7	-2.56115E-9	0.00000E+0	0.00000E+0	2.00010E+0	0.00000E+0
1.03870E+0	-1.23597E-3	2.38420E-4	3.94585E-4	1.43052E-6	-9.76790E-7	-2.50294E-9	0.00000E+0	0.00000E+0	2.00160E+0	0.00000E+0
1.05590E+0	-1.25600E-3	2.42234E-4	3.82664E-4	1.19210E-6	-9.76732E-7	-2.44474E-9	0.00000E+0	0.00000E+0	1.99800E+0	0.00000E+0
1.07300E+0	-1.26649E-3	2.44142E-4	4.86614E-4	1.90736E-6	-9.76732E-7	-2.44474E-9	0.00000E+0	0.00000E+0	2.00030E+0	0.00000E+0
1.09020E+0	-1.27221E-3	2.45096E-4	6.11786E-4	2.38420E-6	-9.76848E-7	-2.44474E-9	0.00000E+0	0.00000E+0	1.99930E+0	0.00000E+0
1.10730E+0	-1.28079E-3	2.47004E-4	6.58754E-4	2.62262E-6	-9.76965E-7	-2.50294E-9	0.00000E+0	0.00000E+0	2.00000E+0	0.00000E+0
1.12450E+0	-1.30368E-3	2.50818E-4	6.02249E-4	2.14578E-6	-9.76965E-7	-2.50294E-9	0.00000E+0	0.00000E+0	2.00010E+0	0.00000E+0
1.14160E+0	-1.34087E-3	2.58448E-4	4.74455E-4	1.43052E-6	-9.76848E-7	-2.56115E-9	0.00000E+0	0.00000E+0	2.00010E+0	0.00000E+0
1.15880E+0	-1.37330E-3	2.65123E-4	3.47378E-4	9.53682E-7	-9.76790E-7	-2.56115E-9	0.00000E+0	0.00000E+0	2.00140E+0	0.00000E+0
1.17590E+0	-1.39428E-3	2.68938E-4	3.02078E-4	9.53682E-7	-9.76732E-7	-2.50294E-9	0.00000E+0	0.00000E+0	1.99990E+0	0.00000E+0
1.19310E+0	-1.40382E-3	2.69892E-4	3.79803E-4	1.43052E-6	-9.76674E-7	-2.38653E-9	0.00000E+0	0.00000E+0	2.00360E+0	0.00000E+0
1.21020E+0	-1.40858E-3	2.71799E-4	5.36446E-4	1.90736E-6	-9.76674E-7	-2.38653E-9	0.00000E+0	0.00000E+0	1.99940E+0	0.00000E+0
1.22740E+0	-1.41145E-3	2.71799E-4	6.75682E-4	2.62262E-6	-9.76732E-7	-2.38653E-9	0.00000E+0	0.00000E+0	1.99940E+0	0.00000E+0
1.24460E+0	-1.41717E-3	2.73706E-4	7.32902E-4	2.62262E-6	-9.76732E-7	-2.44474E-9	0.00000E+0	0.00000E+0	1.99960E+0	0.00000E+0
1.26170E+0	-1.44006E-3	2.77521E-4	6.91418E-4	2.62262E-6	-9.76732E-7	-2.50294E-9	0.00000E+0	0.00000E+0	2.00430E+0	0.00000E+0
1.27890E+0	-1.48011E-3	2.85150E-4	5.68155E-4	2.14578E-6	-9.76674E-7	-2.50294E-9	0.00000E+0	0.00000E+0	2.00000E+0	0.00000E+0
1.29600E+0	-1.52112E-3	2.93734E-4	4.10320E-4	1.43052E-6	-9.76674E-7	-2.56115E-9	0.00000E+0	0.00000E+0	2.00010E+0	0.00000E+0
1.31320E+0	-1.55164E-3	2.98502E-4	2.78475E-4	7.15259E-7	-9.76674E-7	-2.56115E-9	0.00000E+0	0.00000E+0	1.99820E+0	0.00000E+0
1.33030E+0	-1.56976E-3	3.02317E-4	2.23638E-4	4.76841E-7	-9.76674E-7	-2.50294E-9	0.00000E+0	0.00000E+0	2.00100E+0	0.00000E+0
1.34750E+0	-1.57834E-3	3.03270E-4	2.77283E-4	7.15259E-7	-9.76615E-7	-2.44474E-9	0.00000E+0	0.00000E+0	2.00090E+0	0.00000E+0
1.36460E+0	-1.58120E-3	3.05178E-4	4.31063E-4	1.19210E-6	-9.76499E-7	-2.32832E-9	0.00000E+0	0.00000E+0	2.00070E+0	0.00000E+0
1.38180E+0	-1.58215E-3	3.05178E-4	6.20369E-4	2.14578E-6	-9.76441E-7	-2.27011E-9	0.00000E+0	0.00000E+0	1.99980E+0	0.00000E+0
1.39890E+0	-1.58215E-3	3.05178E-4	7.73910E-4	2.62262E-6	-9.76499E-7	-2.27011E-9	0.00000E+0	0.00000E+0	1.99990E+0	0.00000E+0
1.41610E+0	-1.58788E-3	3.07085E-4	8.48535E-4	3.09946E-6	-9.76557E-7	-2.32832E-9	0.00000E+0	0.00000E+0	2.00020E+0	0.00000E+0
1.43320E+0	-1.61267E-3	3.11853E-4	8.29224E-4	3.09946E-6	-9.76441E-7	-2.38653E-9	0.00000E+0	0.00000E+0	1.99950E+0	0.00000E+0
1.45040E+0	-1.65368E-3	3.19483E-4	7.24081E-4	2.62262E-6	-9.76324E-7	-2.44474E-9	0.00000E+0	0.00000E+0	2.00110E+0	0.00000E+0
1.46750E+0	-1.70136E-3	3.28066E-4	5.61956E-4	2.14578E-6	-9.76208E-7	-2.44474E-9	0.00000E+0	0.00000E+0	1.99850E+0	0.00000E+0
1.48470E+0	-1.74332E-3	3.35695E-4	3.89816E-4	1.19210E-6	-9.76208E-7	-2.50294E-9	0.00000E+0	0.00000E+0	1.99780E+0	0.00000E+0
1.50190E+0	-1.77289E-3	3.41417E-4	2.48911E-4	4.76841E-7	-9.76324E-7	-2.50294E-9	0.00000E+0	0.00000E+0	1.99870E+0	0.00000E+0
1.51900E+0	-1.79101E-3	3.45232E-4	1.65463E-4	0.00000E+0	-9.76499E-7	-2.50294E-9	0.00000E+0	0.00000E+0	2.00090E+0	0.00000E+0
1.53620E+0	-1.79959E-3	3.47139E-4	1.55450E-4	0.00000E+0	-9.76557E-7	-2.50294E-9	0.00000E+0	0.00000E+0	2.00160E+0	0.00000E+0
1.55330E+0	-1.80341E-3	3.47139E-4	2.36751E-4	4.76841E-7	-9.76499E-7	-2.38653E-9	0.00000E+0	0.00000E+0	2.00180E+0	0.00000E+0
1.57050E+0	-1.80531E-3	3.48093E-4	4.04598E-4	9.53682E-7	-9.76441E-7	-2.27011E-9	0.00000E+0	0.00000E+0	1.99900E+0	0.00000E+0
1.58760E+0	-1.80341E-3	3.48093E-4	6.17269E-4	2.14578E-6	-9.76266E-7	-2.21191E-9	0.00000E+0	0.00000E+0	1.99990E+0	0.00000E+0
1.60480E+0	-1.80054E-3	3.48093E-4	8.15395E-4	2.86104E-6	-9.76208E-7	-2.15370E-9	0.00000E+0	0.00000E+0	2.00000E+0	0.00000E+0
1.62190E+0	-1.80150E-3	3.48093E-4	9.62738E-4	3.57629E-6	-9.76092E-7	-2.15370E-9	0.00000E+0	0.00000E+0	2.00050E+0	0.00000E+0
1.63910E+0	-1.81485E-3	3.51908E-4	1.03379E-3	3.81473E-6	-9.75975E-7	-2.15370E-9	0.00000E+0	0.00000E+0	2.00090E+0	0.00000E+0
1.65620E+0	-1.84727E-3	3.57630E-4	1.01639E-3	3.81473E-6	-9.75801E-7	-2.21191E-9	0.00000E+0	0.00000E+0	1.99710E+0	0.00000E+0
1.67340E+0	-1.89305E-3	3.66213E-4	9.18154E-4	3.09946E-6	-9.75568E-7	-2.21191E-9	0.00000E+0	0.00000E+0	1.99840E+0	0.00000E+0
1.69050E+0	-1.94360E-3	3.75750E-4	7.63420E-4	2.62262E-6	-9.75393E-7	-2.27011E-9	0.00000E+0	0.00000E+0	2.00020E+0	0.00000E+0
1.70770E+0	-1.99129E-3	3.84333E-4	5.82460E-4	1.66894E-6	-9.75393E-7	-2.27011E-9	0.00000E+0	0.00000E+0	1.99710E+0	0.00000E+0
1.72480E+0	-2.03134E-3	3.91962E-4	4.07698E-4	9.53682E-7	-9.75509E-7	-2.38653E-9	0.00000E+0	0.00000E+0	2.00150E+0	0.00000E+0
1.74200E+0	-2.06186E-3	3.97684E-4	2.65600E-4	4.76841E-7	-9.75684E-7	-2.44474E-9	0.00000E+0	0.00000E+0	1.99560E+0	0.00000E+0
1.75920E+0	-2.08189E-3	4.01499E-4	1.62126E-4	0.00000E+0	-9.75975E-7	-2.44474E-9	0.00000E+0	0.00000E+0	1.99700E+0	0.00000E+0
1.77630E+0	-2.09333E-3	4.03406E-4	1.02044E-4	-2.38420E-7	-9.76324E-7	-2.50294E-9	0.00000E+0	0.00000E+0	2.00120E+0	0.00000E+0
1.79350E+0	-2.10001E-3	4.04360E-4	8.89306E-5	0.00000E+0	-9.76557E-7	-2.50294E-9	0.00000E+0	0.00000E+0	2.00070E+0	0.00000E+0
1.81060E+0	-2.10191E-3	4.04360E-4	1.31608E-4	0.00000E+0	-9.76674E-7	-2.50294E-9	0.00000E+0	0.00000E+0	2.00030E+0	0.00000E+0
1.82780E+0	-2.10287E-3	4.06267E-4	2.43903E-4	4.76841E-7	-9.76557E-7	-2.38653E-9	0.00000E+0	0.00000E+0	2.00100E+0	0.00000E+0
1.84490E+0	-2.10191E-3	4.06267E-4	4.17473E-4	1.43052E-6	-9.76324E-7	-2.27011E-9	0.00000E+0	0.00000E+0	2.00030E+0	0.00000E+0
1.86210E+0	-2.10001E-3	4.06267E-4	6.26329E-4	2.14578E-6	-9.76092E-7	-2.15370E-9	0.00000E+0	0.00000E+0	2.00070E+0	0.00000E+0
1.87920E+0	-2.09524E-3	4.05313E-4	8.38760E-4	2.86104E-6	-9.75801E-7	-2.03728E-9	0.00000E+0	0.00000E+0	1.99980E+0	0.00000E+0
1.89640E+0	-2.09238E-3	4.05313E-4	1.02902E-3	3.57629E-6	-9.75568E-7	-1.92087E-9	0.00000E+0	0.00000E+0	1.99940E+0	0.00000E+0
1.91350E+0	-2.09524E-3	4.06267E-4	1.18066E-3	3.81473E-6	-9.75335E-7	-1.86266E-9	0.00000E+0	0.00000E+0	2.00020E+0	0.00000E+0
1.93070E+0	-2.10859E-3	4.09128E-4	1.28008E-3	4.05314E-6	-9.75044E-7	-1.80444E-9	0.00000E+0	0.00000E+0	2.00290E+0	0.00000E+0
1.94780E+0	-2.13815E-3	4.13897E-4	1.31870E-3	4.05314E-6	-9.74695E-7	-1.80444E-9	0.00000E+0	0.00000E+0	1.99850E+0	0.00000E+0
1.96500E+0	-2.17916E-3	4.22480E-4	1.29104E-3	3.81473E-6	-9.74404E-7	-1.80444E-9	0.00000E+0	0.00000E+0	1.99930E+0	0.00000E+0
1.98220E+0	-2.22589E-3	4.31063E-4	1.20331E-3	3.09946E-6	-9.74171E-7	-1.80444E-9	0.00000E+0	0.00000E+0	2.00120E+0	0.00000E+0
1.99930E+0	-2.27739E-3	4.40599E-4	1.06622E-3	2.62262E-6	-9.74112E-7	-1.92087E-9	0.00000E+0	0.00000E+0	2.00150E+0	0.00000E+0
2.01650E+0	-2.32793E-3	4.50136E-4	8.95981E-4	2.14578E-6	-9.74112E-7	-1.97907E-9	0.00000E+0	0.00000E+0	1.99870E+0	0.00000E+0
2.03360E+0	-2.37562E-3	4.58719E-4	7.12637E-4	1.43052E-6	-9.74229E-7	-2.03728E-9	0.00000E+0	0.00000E+0	2.00490E+0	0.00000E+0
2.05080E+0	-2.41758E-3	4.67302E-4	5.36207E-4	9.53682E-7	-9.74462E-7	-2.15370E-9	0.00000E+0	0.00000E+0	2.00050E+0	0.00000E+0
2.06790E+0	-2.45191E-3	4.73024E-4	3.78611E-4	7.15259E-7	-9.74811E-7	-2.27011E-9	0.00000E+0	0.00000E+0	2.00140E+0	0.00000E+0
2.08510E+0	-2.47861E-3	4.78746E-4	2.49149E-4	4.76841E-7	-9.75102E-7	-2.38653E-9	0.00000E+0	0.00000E+0	2.00170E+0	0.00000E+0
2.10220E+0	-2.49673E-3	4.82561E-4	1.53304E-4	0.00000E+0	-9.75509E-7	-2.44474E-9	0.00000E+0	0.00000E+0	1.99750E+0	0.00000E+0
2.11940E+0	-2.50818E-3	4.84468E-4	9.05995E-5	0.00000E+0	-9.75859E-7	-2.50294E-9	0.00000E+0	0.00000E+0	2.00210E+0	0.00000E+0
2.13650E+0	-2.51390E-3	4.85422E-4	5.43597E-5	0.00000E+0	-9.76208E-7	-2.50294E-9	0.00000E+0	0.00000E+0	2.00080E+0	0.00000E+0
2.15370E+0	-2.51772E-3	4.86376E-4	4.02930E-5	0.00000E+0	-9.76499E-7	-2.56115E-9	0.00000E+0	0.00000E+0	1.99910E+0	0.00000E+0
2.17080E+0	-2.51867E-3	4.86376E-4	4.74455E-5	0.00000E+0	-9.76674E-7	-2.50294E-9	0.00000E+0	0.00000E+0	2.00170E+0	0.00000E+0
2.18800E+0	-2.52058E-3	4.86376E-4	8.58312E-5	0.00000E+0	-9.76674E-7	-2.50294E-9	0.00000E+0	0.00000E+0	2.00120E+0	0.00000E+0
2.20510E+0	-2.52058E-3	4.86376E-4	1.72139E-4	4.76841E-7	-9.76499E-7	-2.38653E-9	0.00000E+0	0.00000E+0	2.00080E+0	0.00000E+0
2.22230E+0	-2.51962E-3	4.87329E-4	3.12569E-4	9.53682E-7	-9.76208E-7	-2.27011E-9	0.00000E+0	0.00000E+0	1.99870E+0	0.00000E+0
2.23950E+0	-2.51676E-3	4.87329E-4	5.00921E-4	1.43052E-6	-9.75859E-7	-2.09549E-9	0.00000E+0	0.00000E+0	1.99660E+0	0.00000E+0
2.25660E+0	-2.51295E-3	4.86376E-4	7.15021E-4	2.14578E-6	-9.75451E-7	-1.92087E-9	0.00000E+0	0.00000E+0	2.00050E+0	0.00000E+0
2.27380E+0	-2.50913E-3	4.86376E-4	9.34605E-4	2.62262E-6	-9.75044E-7	-1.74624E-9	0.00000E+0	0.00000E+0	2.00080E+0	0.00000E+0
2.29090E+0	-2.50532E-3	4.85422E-4	1.14513E-3	3.09946E-6	-9.74636E-7	-1.62982E-9	0.00000E+0	0.00000E+0	1.99900E+0	0.00000E+0
2.30810E+0	-2.50532E-3	4.85422E-4	1.33873E-3	3.33787E-6	-9.74229E-7	-1.51341E-9	0.00000E+0	0.00000E+0	1.99930E+0	0.00000E+0
2.32520E+0	-2.51199E-3	4.86376E-4	1.49871E-3	3.33787E-6	-9.73763E-7	-1.39699E-9	0.00000E+0	0.00000E+0	2.00060E+0	0.00000E+0
2.34240E+0	-2.52916E-3	4.90192E-4	1.62411E-3	3.09946E-6	-9.73298E-7	-1.28058E-9	0.00000E+0	0.00000E+0	2.00000E+0	0.00000E+0
2.35950E+0	-2.55586E-3	4.95914E-4	1.70518E-3	3.09946E-6	-9.72832E-7	-1.22237E-9	0.00000E+0	0.00000E+0	1.99940E+0	0.00000E+0
2.37670E+0	-2.59115E-3	5.02590E-4	1.74189E-3	2.62262E-6	-9.72424E-7	-1.16416E-9	0.00000E+0	0.00000E+0	1.99850E+0	0.00000E+0
2.39380E+0	-2.63311E-3	5.10219E-4	1.73736E-3	2.38420E-6	-9.72133E-7	-1.10595E-9	0.00000E+0	0.00000E+0	2.00000E+0	0.00000E+0
2.41100E+0	-2.68079E-3	5.19756E-4	1.69445E-3	2.38420E-6	-9.71901E-7	-1.16416E-9	0.00000E+0	0.00000E+0	2.00120E+0	0.00000E+0
2.42810E+0	-2.73134E-3	5.29293E-4	1.61362E-3	2.14578E-6	-9.71842E-7	-1.22237E-9	0.00000E+0	0.00000E+0	2.00140E+0	0.00000E+0
2.44530E+0	-2.78284E-3	5.39783E-4	1.50038E-3	2.14578E-6	-9.71901E-7	-1.33878E-9	0.00000E+0	0.00000E+0	2.00010E+0	0.00000E+0
2.46240E+0	-2.83433E-3	5.49320E-4	1.35804E-3	2.14578E-6	-9.72075E-7	-1.45520E-9	0.00000E+0	0.00000E+0	1.99930E+0	0.00000E+0
2.47960E+0	-2.88488E-3	5.59811E-4	1.19711E-3	2.14578E-6	-9.72308E-7	-1.57161E-9	0.00000E+0	0.00000E+0	2.00070E+0	0.00000E+0
2.49680E+0	-2.93256E-3	5.68394E-4	1.02425E-3	2.14578E-6	-9.72599E-7	-1.74624E-9	0.00000E+0	0.00000E+0	1.99980E+0	0.00000E+0
2.51390E+0	-2.97643E-3	5.76977E-4	8.49728E-4	2.14578E-6	-9.72948E-7	-1.86266E-9	0.00000E+0	0.00000E+0	1.99950E+0	0.00000E+0
2.53110E+0	-3.01553E-3	5.84606E-4	6.78305E-4	1.66894E-6	-9.73298E-7	-1.97907E-9	0.00000E+0	0.00000E+0	2.00060E+0	0.00000E+0
2.54820E+0	-3.04891E-3	5.91282E-4	5.21902E-4	1.43052E-6	-9.73647E-7	-2.03728E-9	0.00000E+0	0.00000E+0	1.99970E+0	0.00000E+0
2.56540E+0	-3.07752E-3	5.96050E-4	3.87670E-4	9.53682E-7	-9.73996E-7	-2.15370E-9	0.00000E+0	0.00000E+0	2.00170E+0	0.00000E+0
2.58250E+0	-3.10041E-3	5.99865E-4	2.73230E-4	7.15259E-7	-9.74345E-7	-2.21191E-9	0.00000E+0	0.00000E+0	1.99830E+0	0.00000E+0
2.59970E+0	-3.11662E-3	6.03680E-4	1.83106E-4	4.76841E-7	-9.74636E-7	-2.27011E-9	0.00000E+0	0.00000E+0	1.99770E+0	0.00000E+0
2.61680E+0	-3.12807E-3	6.05587E-4	1.18256E-4	2.38420E-7	-9.74927E-7	-2.32832E-9	0.00000E+0	0.00000E+0	2.00370E+0	0.00000E+0
2.63400E+0	-3.13474E-3	6.06541E-4	7.24797E-5	0.00000E+0	-9.75277E-7	-2.38653E-9	0.00000E+0	0.00000E+0	2.00180E+0	0.00000E+0
2.65110E+0	-3.13951E-3	6.07494E-4	4.22003E-5	0.00000E+0	-9.75568E-7	-2.38653E-9	0.00000E+0	0.00000E+0	2.00030E+0	0.00000E+0
2.66830E+0	-3.14237E-3	6.08448E-4	2.38420E-5	-2.38420E-7	-9.75801E-7	-2.44474E-9	0.00000E+0	0.00000E+0	1.99880E+0	0.00000E+0
2.68540E+0	-3.14428E-3	6.08448E-4	1.47820E-5	-2.38420E-7	-9.75975E-7	-2.44474E-9	0.00000E+0	0.00000E+0	2.00140E+0	0.00000E+0
2.70260E+0	-3.14523E-3	6.08448E-4	1.19210E-5	-2.38420E-7	-9.76208E-7	-2.44474E-9	0.00000E+0	0.00000E+0	1.99990E+0	0.00000E+0
2.71980E+0	-3.14619E-3	6.08448E-4	1.45436E-5	-2.38420E-7	-9.76324E-7	-2.44474E-9	0.00000E+0	0.00000E+0	1.99730E+0	0.00000E+0
2.73690E+0	-3.14619E-3	6.08448E-4	2.59877E-5	-2.38420E-7	-9.76324E-7	-2.44474E-9	0.00000E+0	0.00000E+0	2.00060E+0	0.00000E+0
2.75410E+0	-3.14714E-3	6.08448E-4	5.24523E-5	0.00000E+0	-9.76266E-7	-2.38653E-9	0.00000E+0	0.00000E+0	2.00110E+0	0.00000E+0
2.77120E+0	-3.14714E-3	6.08448E-4	1.03236E-4	0.00000E+0	-9.76092E-7	-2.27011E-9	0.00000E+0	0.00000E+0	2.00100E+0	0.00000E+0
2.78840E+0	-3.14619E-3	6.08448E-4	1.86444E-4	2.38420E-7	-9.75801E-7	-2.21191E-9	0.00000E+0	0.00000E+0	2.00160E+0	0.00000E+0
2.80550E+0	-3.14428E-3	6.08448E-4	3.08516E-4	4.76841E-7	-9.75451E-7	-2.03728E-9	0.00000E+0	0.00000E+0	2.00100E+0	0.00000E+0
2.82270E+0	-3.14237E-3	6.08448E-4	4.64918E-4	9.53682E-7	-9.75044E-7	-1.92087E-9	0.00000E+0	0.00000E+0	1.99980E+0	0.00000E+0
2.83980E+0	-3.13856E-3	6.08448E-4	6.43257E-4	9.53682E-7	-9.74578E-7	-1.74624E-9	0.00000E+0	0.00000E+0	1.99900E+0	0.00000E+0
2.85700E+0	-3.13570E-3	6.07494E-4	8.37330E-4	1.43052E-6	-9.74112E-7	-1.57161E-9	0.00000E+0	0.00000E+0	2.00090E+0	0.00000E+0
2.87410E+0	-3.13188E-3	6.07494E-4	1.04023E-3	1.43052E-6	-9.73705E-7	-1.33878E-9	0.00000E+0	0.00000E+0	2.00130E+0	0.00000E+0
2.89130E+0	-3.12807E-3	6.06541E-4	1.24789E-3	1.43052E-6	-9.73239E-7	-1.22237E-9	0.00000E+0	0.00000E+0	2.00090E+0	0.00000E+0
2.90840E+0	-3.12521E-3	6.06541E-4	1.45007E-3	1.43052E-6	-9.72774E-7	-1.04775E-9	0.00000E+0	0.00000E+0	1.99960E+0	0.00000E+0
2.92560E+0	-3.12521E-3	6.06541E-4	1.64128E-3	1.43052E-6	-9.72366E-7	-9.31330E-10	0.00000E+0	0.00000E+0	2.00070E+0	0.00000E+0
2.94250E+0	-3.13093E-3	6.07494E-4	1.81795E-3	1.43052E-6	-9.71901E-7	-8.14911E-10	0.00000E+0	0.00000E+0	2.00030E+0	0.00000E+0
2.95970E+0	-3.14333E-3	6.10355E-4	1.97031E-3	1.19210E-6	-9.71435E-7	-6.40288E-10	0.00000E+0	0.00000E+0	1.99730E+0	0.00000E+0
2.97680E+0	-3.16049E-3	6.13216E-4	2.10024E-3	9.53682E-7	-9.70911E-7	-5.23873E-10	0.00000E+0	0.00000E+0	2.00110E+0	0.00000E+0
2.99400E+0	-3.18719E-3	6.18938E-4	2.20467E-3	9.53682E-7	-9.70387E-7	-4.07455E-10	0.00000E+0	0.00000E+0	2.00240E+0	0.00000E+0
3.01110E+0	-3.21867E-3	6.25614E-4	2.28478E-3	4.76841E-7	-9.69922E-7	-3.49248E-10	0.00000E+0	0.00000E+0	2.00010E+0	0.00000E+0
3.02830E+0	-3.25586E-3	6.33243E-4	2.33985E-3	4.76841E-7	-9.69514E-7	-2.91040E-10	0.00000E+0	0.00000E+0	1.99930E+0	0.00000E+0
3.04540E+0	-3.29782E-3	6.41827E-4	2.37085E-3	2.38420E-7	-9.69107E-7	-2.32832E-10	0.00000E+0	0.00000E+0	2.00030E+0	0.00000E+0
3.06260E+0	-3.34264E-3	6.50410E-4	2.37896E-3	2.38420E-7	-9.68874E-7	-2.32832E-10	0.00000E+0	0.00000E+0	2.00050E+0	0.00000E+0
3.07970E+0	-3.39319E-3	6.60900E-4	2.36513E-3	2.38420E-7	-9.68641E-7	-2.32832E-10	0.00000E+0	0.00000E+0	2.00000E+0	0.00000E+0
3.09690E+0	-3.44373E-3	6.70437E-4	2.33008E-3	4.76841E-7	-9.68466E-7	-2.32832E-10	0.00000E+0	0.00000E+0	2.00090E+0	0.00000E+0
3.11410E+0	-3.49523E-3	6.81881E-4	2.27715E-3	4.76841E-7	-9.68466E-7	-2.91040E-10	0.00000E+0	0.00000E+0	2.00130E+0	0.00000E+0
3.13120E+0	-3.54864E-3	6.91418E-4	2.20801E-3	7.15259E-7	-9.68466E-7	-3.49248E-10	0.00000E+0	0.00000E+0	1.99890E+0	0.00000E+0
3.14840E+0	-3.60204E-3	7.01908E-4	2.12289E-3	9.53682E-7	-9.68583E-7	-4.07455E-10	0.00000E+0	0.00000E+0	1.99950E+0	0.00000E+0
3.16550E+0	-3.65545E-3	7.12398E-4	2.02276E-3	1.43052E-6	-9.68757E-7	-5.23873E-10	0.00000E+0	0.00000E+0	1.99990E+0	0.00000E+0
3.18270E+0	-3.70790E-3	7.22889E-4	1.90783E-3	1.43052E-6	-9.68932E-7	-6.40288E-10	0.00000E+0	0.00000E+0	2.00070E+0	0.00000E+0
3.19980E+0	-3.75845E-3	7.32426E-4	1.78076E-3	1.66894E-6	-9.69223E-7	-7.56703E-10	0.00000E+0	0.00000E+0	1.99970E+0	0.00000E+0
3.21700E+0	-3.80518E-3	7.41009E-4	1.64867E-3	2.14578E-6	-9.69514E-7	-8.73118E-10	0.00000E+0	0.00000E+0	2.00170E+0	0.00000E+0
3.23410E+0	-3.85000E-3	7.50545E-4	1.51301E-3	2.14578E-6	-9.69863E-7	-9.89537E-10	0.00000E+0	0.00000E+0	1.99970E+0	0.00000E+0
3.25130E+0	-3.89291E-3	7.59128E-4	1.37258E-3	2.14578E-6	-9.70213E-7	-1.10595E-9	0.00000E+0	0.00000E+0	2.00040E+0	0.00000E+0
3.26840E+0	-3.93394E-3	7.66758E-4	1.22500E-3	2.14578E-6	-9.70562E-7	-1.28058E-9	0.00000E+0	0.00000E+0	2.00410E+0	0.00000E+0
3.28560E+0	-3.97208E-3	7.73434E-4	1.07575E-3	2.14578E-6	-9.70969E-7	-1.39699E-9	0.00000E+0	0.00000E+0	1.99930E+0	0.00000E+0
3.30270E+0	-4.00642E-3	7.80109E-4	9.33412E-4	2.14578E-6	-9.71319E-7	-1.51341E-9	0.00000E+0	0.00000E+0	2.00140E+0	0.00000E+0
3.31990E+0	-4.03789E-3	7.85831E-4	7.97752E-4	1.90736E-6	-9.71668E-7	-1.57161E-9	0.00000E+0	0.00000E+0	2.00010E+0	0.00000E+0
3.33700E+0	-4.06745E-3	7.92507E-4	6.68291E-4	1.66894E-6	-9.72017E-7	-1.68803E-9	0.00000E+0	0.00000E+0	1.99990E+0	0.00000E+0
3.35420E+0	-4.09225E-3	7.96322E-4	5.41929E-4	1.43052E-6	-9.72366E-7	-1.74624E-9	0.00000E+0	0.00000E+0	2.00340E+0	0.00000E+0
3.37140E+0	-4.11227E-3	8.00136E-4	4.36069E-4	1.19210E-6	-9.72657E-7	-1.80444E-9	0.00000E+0	0.00000E+0	1.99920E+0	0.00000E+0
3.38850E+0	-4.12849E-3	8.02997E-4	3.45232E-4	9.53682E-7	-9.72890E-7	-1.92087E-9	0.00000E+0	0.00000E+0	2.00080E+0	0.00000E+0
3.40570E+0	-4.14374E-3	8.05859E-4	2.66792E-4	7.15259E-7	-9.73181E-7	-1.97907E-9	0.00000E+0	0.00000E+0	1.99890E+0	0.00000E+0
3.42280E+0	-4.15519E-3	8.07766E-4	2.01226E-4	4.76841E-7	-9.73414E-7	-1.97907E-9	0.00000E+0	0.00000E+0	2.00060E+0	0.00000E+0
3.44000E+0	-4.16377E-3	8.09673E-4	1.48059E-4	4.76841E-7	-9.73647E-7	-2.03728E-9	0.00000E+0	0.00000E+0	1.99920E+0	0.00000E+0
3.45710E+0	-4.17045E-3	8.10627E-4	1.05620E-4	2.38420E-7	-9.73880E-7	-2.03728E-9	0.00000E+0	0.00000E+0	2.00170E+0	0.00000E+0
3.47430E+0	-4.17522E-3	8.11581E-4	7.27181E-5	0.00000E+0	-9.74054E-7	-2.03728E-9	0.00000E+0	0.00000E+0	2.00070E+0	0.00000E+0
3.49140E+0	-4.17903E-3	8.12534E-4	4.88760E-5	0.00000E+0	-9.74229E-7	-2.09549E-9	0.00000E+0	0.00000E+0	1.99920E+0	0.00000E+0
3.50860E+0	-4.18189E-3	8.12534E-4	3.19483E-5	0.00000E+0	-9.74345E-7	-2.09549E-9	0.00000E+0	0.00000E+0	2.00160E+0	0.00000E+0
3.52570E+0	-4.18285E-3	8.12534E-4	1.97889E-5	-2.38420E-7	-9.74462E-7	-2.09549E-9	0.00000E+0	0.00000E+0	1.99990E+0	0.00000E+0
3.54290E+0	-4.18475E-3	8.12534E-4	1.16826E-5	-2.38420E-7	-9.74578E-7	-2.09549E-9	0.00000E+0	0.00000E+0	1.99810E+0	0.00000E+0
3.56000E+0	-4.18571E-3	8.12534E-4	6.43733E-6	-2.38420E-7	-9.74636E-7	-2.09549E-9	0.00000E+0	0.00000E+0	1.99940E+0	0.00000E+0
3.57720E+0	-4.18666E-3	8.12534E-4	3.33787E-6	-2.38420E-7	-9.74695E-7	-2.09549E-9	0.00000E+0	0.00000E+0	1.99790E+0	0.00000E+0
3.59430E+0	-4.18666E-3	8.12534E-4	1.43052E-6	-4.76841E-7	-9.74811E-7	-2.09549E-9	0.00000E+0	0.00000E+0	1.99930E+0	0.00000E+0
3.61150E+0	-4.18761E-3	8.12534E-4	7.15259E-7	-4.76841E-7	-9.74811E-7	-2.09549E-9	0.00000E+0	0.00000E+0	2.00190E+0	0.00000E+0
3.62870E+0	-4.18761E-3	8.12534E-4	4.76841E-7	-4.76841E-7	-9.74811E-7	-2.03728E-9	0.00000E+0	0.00000E+0	2.00280E+0	0.00000E+0
3.64580E+0	-4.18761E-3	8.12534E-4	7.15259E-7	-4.76841E-7	-9.74811E-7	-2.03728E-9	0.00000E+0	0.00000E+0	2.00100E+0	0.00000E+0
3.66300E+0	-4.18761E-3	8.12534E-4	1.43052E-6	-7.15259E-7	-9.74811E-7	-2.03728E-9	0.00000E+0	0.00000E+0	1.99830E+0	0.00000E+0
3.68010E+0	-4.18857E-3	8.11581E-4	3.81473E-6	-7.15259E-7	-9.74811E-7	-2.03728E-9	0.00000E+0	0.00000E+0	2.00010E+0	0.00000E+0
3.69730E+0	-4.18857E-3	8.11581E-4	8.82155E-6	-7.15259E-7	-9.74753E-7	-2.03728E-9	0.00000E+0	0.00000E+0	2.00130E+0	0.00000E+0
3.71440E+0	-4.18761E-3	8.11581E-4	1.97889E-5	-7.15259E-7	-9.74636E-7	-1.97907E-9	0.00000E+0	0.00000E+0	1.99890E+0	0.00000E+0
3.73160E+0	-4.18761E-3	8.11581E-4	4.07698E-5	-7.15259E-7	-9.74578E-7	-1.97907E-9	0.00000E+0	0.00000E+0	1.99990E+0	0.00000E+0
3.74870E+0	-4.18761E-3	8.11581E-4	7.55792E-5	-7.15259E-7	-9.74404E-7	-1.92087E-9	0.00000E+0	0.00000E+0	2.00160E+0	0.00000E+0
3.76590E+0	-4.18666E-3	8.11581E-4	1.25409E-4	-7.15259E-7	-9.74287E-7	-1.86266E-9	0.00000E+0	0.00000E+0	2.00160E+0	0.00000E+0
3.78300E+0	-4.18666E-3	8.10627E-4	1.92882E-4	-7.15259E-7	-9.74112E-7	-1.80444E-9	0.00000E+0	0.00000E+0	2.00240E+0	0.00000E+0
3.80020E+0	-4.18475E-3	8.10627E-4	2.77760E-4	-7.15259E-7	-9.73880E-7	-1.68803E-9	0.00000E+0	0.00000E+0	1.99900E+0	0.00000E+0
3.81730E+0	-4.18380E-3	8.10627E-4	3.76942E-4	-9.53682E-7	-9.73647E-7	-1.57161E-9	0.00000E+0	0.00000E+0	1.99870E+0	0.00000E+0
3.83450E+0	-4.18189E-3	8.10627E-4	4.94245E-4	-7.15259E-7	-9.73356E-7	-1.51341E-9	0.00000E+0	0.00000E+0	1.99750E+0	0.00000E+0
3.85170E+0	-4.17998E-3	8.09673E-4	6.39919E-4	-4.76841E-7	-9.73007E-7	-1.33878E-9	0.00000E+0	0.00000E+0	2.00040E+0	0.00000E+0
3.86880E+0	-4.17617E-3	8.09673E-4	8.08004E-4	2.38420E-7	-9.72657E-7	-1.22237E-9	0.00000E+0	0.00000E+0	2.00060E+0	0.00000E+0
3.88600E+0	-4.17331E-3	8.09673E-4	9.91590E-4	4.76841E-7	-9.72308E-7	-1.04775E-9	0.00000E+0	0.00000E+0	1.99990E+0	0.00000E+0
3.90310E+0	-4.16854E-3	8.09673E-4	1.18852E-3	7.15259E-7	-9.71901E-7	-9.31330E-10	0.00000E+0	0.00000E+0	1.99940E+0	0.00000E+0
3.92030E+0	-4.16473E-3	8.09673E-4	1.40119E-3	4.76841E-7	-9.71493E-7	-7.56703E-10	0.00000E+0	0.00000E+0	1.99800E+0	0.00000E+0
3.93740E+0	-4.16186E-3	8.09673E-4	1.61768E-3	4.76841E-7	-9.71086E-7	-5.82080E-10	0.00000E+0	0.00000E+0	2.00030E+0	0.00000E+0
3.95460E+0	-4.15996E-3	8.09673E-4	1.82820E-3	4.76841E-7	-9.70678E-7	-4.65665E-10	0.00000E+0	0.00000E+0	2.00360E+0	0.00000E+0
3.97170E+0	-4.15996E-3	8.09673E-4	2.01966E-3	2.38420E-7	-9.70271E-7	-3.49248E-10	0.00000E+0	0.00000E+0	2.00080E+0	0.00000E+0
3.98890E+0	-4.16186E-3	8.11581E-4	2.19585E-3	2.38420E-7	-9.69863E-7	-1.74624E-10	0.00000E+0	0.00000E+0	2.00210E+0	0.00000E+0
4.00600E+0	-4.16854E-3	8.12534E-4	2.36131E-3	-2.38420E-7	-9.69456E-7	-5.82081E-11	0.00000E+0	0.00000E+0	1.99780E+0	0.00000E+0
4.02320E+0	-4.17712E-3	8.14442E-4	2.51772E-3	-4.76841E-7	-9.68990E-7	5.82081E-11	0.00000E+0	0.00000E+0	1.99780E+0	0.00000E+0
4.04030E+0	-4.19238E-3	8.19210E-4	2.65624E-3	-7.15259E-7	-9.68525E-7	2.32832E-10	0.00000E+0	0.00000E+0	2.00150E+0	0.00000E+0
4.05750E+0	-4.21146E-3	8.23025E-4	2.78594E-3	-1.19210E-6	-9.68059E-7	2.91040E-10	0.00000E+0	0.00000E+0	2.00070E+0	0.00000E+0
4.07460E+0	-4.23530E-3	8.27793E-4	2.89895E-3	-1.43052E-6	-9.67593E-7	4.65665E-10	0.00000E+0	0.00000E+0	2.00090E+0	0.00000E+0
4.09180E+0	-4.26295E-3	8.34469E-4	2.99408E-3	-2.14578E-6	-9.67128E-7	5.23873E-10	0.00000E+0	0.00000E+0	2.00130E+0	0.00000E+0
4.10900E+0	-4.29347E-3	8.41144E-4	3.07061E-3	-2.38420E-6	-9.66662E-7	5.82080E-10	0.00000E+0	0.00000E+0	2.00170E+0	0.00000E+0
4.12610E+0	-4.32876E-3	8.47820E-4	3.12878E-3	-2.86104E-6	-9.66254E-7	6.98495E-10	0.00000E+0	0.00000E+0	1.99920E+0	0.00000E+0
4.14330E+0	-4.36977E-3	8.56403E-4	3.17432E-3	-3.33787E-6	-9.65847E-7	7.56703E-10	0.00000E+0	0.00000E+0	1.99990E+0	0.00000E+0
4.16040E+0	-4.41268E-3	8.65940E-4	3.20865E-3	-3.57629E-6	-9.65440E-7	8.73118E-10	0.00000E+0	0.00000E+0	2.00500E+0	0.00000E+0
4.17760E+0	-4.46036E-3	8.74523E-4	3.22844E-3	-3.81473E-6	-9.65090E-7	9.31330E-10	0.00000E+0	0.00000E+0	1.99890E+0	0.00000E+0
4.19470E+0	-4.50996E-3	8.85013E-4	3.23679E-3	-4.05314E-6	-9.64741E-7	9.31330E-10	0.00000E+0	0.00000E+0	1.99860E+0	0.00000E+0
4.21190E+0	-4.55955E-3	8.94550E-4	3.23345E-3	-4.29156E-6	-9.64508E-7	9.89537E-10	0.00000E+0	0.00000E+0	1.99830E+0	0.00000E+0
4.22900E+0	-4.61391E-3	9.05041E-4	3.21962E-3	-4.52998E-6	-9.64217E-7	1.04775E-9	0.00000E+0	0.00000E+0	1.99860E+0	0.00000E+0
4.24620E+0	-4.66731E-3	9.16485E-4	3.19625E-3	-4.52998E-6	-9.64043E-7	1.04775E-9	0.00000E+0	0.00000E+0	2.00200E+0	0.00000E+0
4.26330E+0	-4.72358E-3	9.27929E-4	3.16478E-3	-4.76840E-6	-9.63810E-7	1.04775E-9	0.00000E+0	0.00000E+0	1.99980E+0	0.00000E+0
4.28050E+0	-4.78175E-3	9.39373E-4	3.12544E-3	-4.52998E-6	-9.63693E-7	1.04775E-9	0.00000E+0	0.00000E+0	2.00150E+0	0.00000E+0
4.29760E+0	-4.83993E-3	9.51771E-4	3.07824E-3	-4.76840E-6	-9.63577E-7	1.04775E-9	0.00000E+0	0.00000E+0	1.99980E+0	0.00000E+0
4.31480E+0	-4.89715E-3	9.63215E-4	3.02531E-3	-4.52998E-6	-9.63577E-7	1.04775E-9	0.00000E+0	0.00000E+0	1.99810E+0	0.00000E+0
4.33190E+0	-4.95055E-3	9.73705E-4	2.96833E-3	-4.52998E-6	-9.63519E-7	9.89537E-10	0.00000E+0	0.00000E+0	2.00080E+0	0.00000E+0
4.34910E+0	-5.00110E-3	9.83246E-4	2.91015E-3	-4.29156E-6	-9.63577E-7	9.89537E-10	0.00000E+0	0.00000E+0	2.00080E+0	0.00000E+0
4.36630E+0	-5.05641E-3	9.93736E-4	2.84912E-3	-4.05314E-6	-9.63577E-7	9.31330E-10	0.00000E+0	0.00000E+0	2.00160E+0	0.00000E+0
4.38340E+0	-5.10982E-3	1.00518E-3	2.78331E-3	-4.05314E-6	-9.63635E-7	9.31330E-10	0.00000E+0	0.00000E+0	1.99980E+0	0.00000E+0
4.40060E+0	-5.16418E-3	1.01567E-3	2.71513E-3	-3.81473E-6	-9.63752E-7	8.73118E-10	0.00000E+0	0.00000E+0	1.99890E+0	0.00000E+0
4.41770E+0	-5.21854E-3	1.02711E-3	2.64336E-3	-3.33787E-6	-9.63868E-7	8.14911E-10	0.00000E+0	0.00000E+0	1.99990E+0	0.00000E+0
4.43490E+0	-5.27194E-3	1.03761E-3	2.56921E-3	-3.33787E-6	-9.64043E-7	7.56703E-10	0.00000E+0	0.00000E+0	1.99970E+0	0.00000E+0
4.45200E+0	-5.32344E-3	1.04714E-3	2.49530E-3	-2.86104E-6	-9.64217E-7	6.98495E-10	0.00000E+0	0.00000E+0	2.00020E+0	0.00000E+0
4.46920E+0	-5.37494E-3	1.05859E-3	2.42044E-3	-2.86104E-6	-9.64450E-7	5.82080E-10	0.00000E+0	0.00000E+0	2.00220E+0	0.00000E+0
4.48630E+0	-5.42644E-3	1.06812E-3	2.34224E-3	-2.38420E-6	-9.64625E-7	5.23873E-10	0.00000E+0	0.00000E+0	2.00000E+0	0.00000E+0
4.50350E+0	-5.47794E-3	1.07766E-3	2.26142E-3	-2.14578E-6	-9.64916E-7	4.65665E-10	0.00000E+0	0.00000E+0	2.00110E+0	0.00000E+0
4.52060E+0	-5.52562E-3	1.08720E-3	2.17821E-3	-1.66894E-6	-9.65149E-7	4.07455E-10	0.00000E+0	0.00000E+0	1.99920E+0	0.00000E+0
4.53780E+0	-5.57140E-3	1.09578E-3	2.09452E-3	-1.66894E-6	-9.65440E-7	2.91040E-10	0.00000E+0	0.00000E+0	1.99860E+0	0.00000E+0
4.55490E+0	-5.61240E-3	1.10436E-3	2.01036E-3	-1.19210E-6	-9.65672E-7	2.32832E-10	0.00000E+0	0.00000E+0	2.00370E+0	0.00000E+0
4.57210E+0	-5.65341E-3	1.11199E-3	1.92905E-3	-1.19210E-6	-9.65905E-7	1.16416E-10	0.00000E+0	0.00000E+0	2.00100E+0	0.00000E+0
4.58930E+0	-5.69251E-3	1.12057E-3	1.84704E-3	-9.53682E-7	-9.66196E-7	5.82081E-11	0.00000E+0	0.00000E+0	1.99960E+0	0.00000E+0
4.60640E+0	-5.73161E-3	1.12725E-3	1.76430E-3	-7.15259E-7	-9.66429E-7	0.00000E+0	0.00000E+0	0.00000E+0	2.00010E+0	0.00000E+0
4.62360E+0	-5.76976E-3	1.13393E-3	1.68157E-3	-4.76841E-7	-9.66720E-7	-1.16416E-10	0.00000E+0	0.00000E+0	1.99890E+0	0.00000E+0
4.64070E+0	-5.80695E-3	1.14156E-3	1.59837E-3	-4.76841E-7	-9.67011E-7	-1.74624E-10	0.00000E+0	0.00000E+0	2.00220E+0	0.00000E+0
4.65790E+0	-5.84319E-3	1.14823E-3	1.50896E-3	-2.38420E-7	-9.67302E-7	-2.91040E-10	0.00000E+0	0.00000E+0	2.00030E+0	0.00000E+0
4.67500E+0	-5.87657E-3	1.15395E-3	1.41979E-3	0.00000E+0	-9.67593E-7	-3.49248E-10	0.00000E+0	0.00000E+0	2.00010E+0	0.00000E+0
4.69220E+0	-5.91090E-3	1.16063E-3	1.33158E-3	0.00000E+0	-9.67884E-7	-4.07455E-10	0.00000E+0	0.00000E+0	1.99880E+0	0.00000E+0
4.70930E+0	-5.94428E-3	1.16635E-3	1.24074E-3	2.38420E-7	-9.68175E-7	-5.23873E-10	0.00000E+0	0.00000E+0	2.00080E+0	0.00000E+0
4.72650E+0	-5.97480E-3	1.17207E-3	1.15181E-3	2.38420E-7	-9.68408E-7	-5.82080E-10	0.00000E+0	0.00000E+0	2.00070E+0	0.00000E+0
4.74360E+0	-6.00436E-3	1.17780E-3	1.06526E-3	4.76841E-7	-9.68699E-7	-6.40288E-10	0.00000E+0	0.00000E+0	2.00240E+0	0.00000E+0
4.76080E+0	-6.03202E-3	1.18256E-3	9.78716E-4	4.76841E-7	-9.68932E-7	-7.56703E-10	0.00000E+0	0.00000E+0	1.99860E+0	0.00000E+0
4.77790E+0	-6.05777E-3	1.18638E-3	8.94312E-4	4.76841E-7	-9.69165E-7	-8.14911E-10	0.00000E+0	0.00000E+0	1.99910E+0	0.00000E+0
4.79510E+0	-6.07970E-3	1.19115E-3	8.12773E-4	4.76841E-7	-9.69339E-7	-8.73118E-10	0.00000E+0	0.00000E+0	2.00020E+0	0.00000E+0
4.81220E+0	-6.09973E-3	1.19401E-3	7.40055E-4	4.76841E-7	-9.69572E-7	-9.31330E-10	0.00000E+0	0.00000E+0	2.00240E+0	0.00000E+0
4.82940E+0	-6.11785E-3	1.19687E-3	6.73059E-4	4.76841E-7	-9.69747E-7	-9.89537E-10	0.00000E+0	0.00000E+0	1.99960E+0	0.00000E+0
4.84680E+0	-6.13311E-3	1.19973E-3	6.08686E-4	4.76841E-7	-9.69863E-7	-1.04775E-9	0.00000E+0	0.00000E+0	1.99980E+0	0.00000E+0
4.86390E+0	-6.14741E-3	1.20259E-3	5.46459E-4	4.76841E-7	-9.70038E-7	-1.04775E-9	0.00000E+0	0.00000E+0	2.00050E+0	0.00000E+0
4.88110E+0	-6.16077E-3	1.20450E-3	4.88523E-4	4.76841E-7	-9.70213E-7	-1.10595E-9	0.00000E+0	0.00000E+0	1.99900E+0	0.00000E+0
4.89800E+0	-6.17412E-3	1.20641E-3	4.33447E-4	4.76841E-7	-9.70329E-7	-1.16416E-9	0.00000E+0	0.00000E+0	2.00260E+0	0.00000E+0
4.91520E+0	-6.18652E-3	1.20831E-3	3.79564E-4	4.76841E-7	-9.70445E-7	-1.22237E-9	0.00000E+0	0.00000E+0	2.00000E+0	0.00000E+0
4.93230E+0	-6.19701E-3	1.21117E-3	3.31881E-4	4.76841E-7	-9.70562E-7	-1.22237E-9	0.00000E+0	0.00000E+0	2.00020E+0	0.00000E+0
4.94950E+0	-6.20750E-3	1.21308E-3	2.86104E-4	4.76841E-7	-9.70678E-7	-1.22237E-9	0.00000E+0	0.00000E+0	2.00160E+0	0.00000E+0
4.96660E+0	-6.21513E-3	1.21403E-3	2.45096E-4	4.76841E-7	-9.70795E-7	-1.28058E-9	0.00000E+0	0.00000E+0	2.00240E+0	0.00000E+0
4.98380E+0	-6.22275E-3	1.21499E-3	2.09571E-4	4.76841E-7	-9.70911E-7	-1.28058E-9	0.00000E+0	0.00000E+0	2.00140E+0	0.00000E+0
5.00090E+0	-6.22943E-3	1.21499E-3	1.76192E-4	4.76841E-7	-9.71027E-7	-1.28058E-9	0.00000E+0	0.00000E+0	2.00330E+0	0.00000E+0
5.01810E+0	-6.23515E-3	1.21690E-3	1.46867E-4	4.76841E-7	-9.71086E-7	-1.33878E-9	0.00000E+0	0.00000E+0	2.00130E+0	0.00000E+0
5.03520E+0	-6.23992E-3	1.21785E-3	1.21117E-4	4.76841E-7	-9.71202E-7	-1.33878E-9	0.00000E+0	0.00000E+0	1.99950E+0	0.00000E+0
5.05240E+0	-6.24374E-3	1.21785E-3	9.84673E-5	4.76841E-7	-9.71260E-7	-1.33878E-9	0.00000E+0	0.00000E+0	2.00070E+0	0.00000E+0
5.06950E+0	-6.24755E-3	1.21785E-3	7.79633E-5	4.76841E-7	-9.71377E-7	-1.33878E-9	0.00000E+0	0.00000E+0	2.00090E+0	0.00000E+0
5.08670E+0	-6.25041E-3	1.21880E-3	6.12740E-5	4.76841E-7	-9.71435E-7	-1.39699E-9	0.00000E+0	0.00000E+0	2.00010E+0	0.00000E+0
5.10390E+0	-6.25232E-3	1.21880E-3	4.74455E-5	4.76841E-7	-9.71493E-7	-1.39699E-9	0.00000E+0	0.00000E+0	2.00440E+0	0.00000E+0
5.12100E+0	-6.25423E-3	1.21880E-3	3.64783E-5	4.76841E-7	-9.71610E-7	-1.39699E-9	0.00000E+0	0.00000E+0	1.99820E+0	0.00000E+0
5.13820E+0	-6.25613E-3	1.21880E-3	2.76567E-5	4.76841E-7	-9.71668E-7	-1.45520E-9	0.00000E+0	0.00000E+0	1.99900E+0	0.00000E+0
5.15530E+0	-6.25709E-3	1.21880E-3	2.02657E-5	4.76841E-7	-9.71726E-7	-1.45520E-9	0.00000E+0	0.00000E+0	1.99860E+0	0.00000E+0
5.17250E+0	-6.25804E-3	1.21880E-3	1.45436E-5	4.76841E-7	-9.71842E-7	-1.45520E-9	0.00000E+0	0.00000E+0	1.99800E+0	0.00000E+0
5.18960E+0	-6.25899E-3	1.21880E-3	9.77522E-6	4.76841E-7	-9.71901E-7	-1.45520E-9	0.00000E+0	0.00000E+0	1.99800E+0	0.00000E+0
5.20680E+0	-6.25899E-3	1.21880E-3	6.43733E-6	4.76841E-7	-9.71959E-7	-1.45520E-9	0.00000E+0	0.00000E+0	2.00160E+0	0.00000E+0
5.22390E+0	-6.26090E-3	1.21880E-3	3.81473E-6	4.76841E-7	-9.72017E-7	-1.45520E-9	0.00000E+0	0.00000E+0	2.00010E+0	0.00000E+0
5.24110E+0	-6.26090E-3	1.21880E-3	1.90736E-6	4.76841E-7	-9.72075E-7	-1.51341E-9	0.00000E+0	0.00000E+0	2.00210E+0	0.00000E+0
5.25820E+0	-6.26186E-3	1.21880E-3	4.76841E-7	2.38420E-7	-9.72133E-7	-1.51341E-9	0.00000E+0	0.00000E+0	1.99890E+0	0.00000E+0
5.27540E+0	-6.26186E-3	1.21880E-3	-2.38420E-7	4.76841E-7	-9.72133E-7	-1.51341E-9	0.00000E+0	0.00000E+0	1.99810E+0	0.00000E+0
5.29250E+0	-6.26186E-3	1.21880E-3	-9.53682E-7	2.38420E-7	-9.72192E-7	-1.51341E-9	0.00000E+0	0.00000E+0	2.00240E+0	0.00000E+0
5.30970E+0	-6.26281E-3	1.21785E-3	-1.43052E-6	4.76841E-7	-9.72250E-7	-1.51341E-9	0.00000E+0	0.00000E+0	2.00220E+0	0.00000E+0
5.32680E+0	-6.26281E-3	1.21785E-3	-1.66894E-6	4.76841E-7	-9.72308E-7	-1.51341E-9	0.00000E+0	0.00000E+0	1.99990E+0	0.00000E+0
5.34400E+0	-6.26281E-3	1.21880E-3	-1.90736E-6	4.76841E-7	-9.72308E-7	-1.51341E-9	0.00000E+0	0.00000E+0	1.99700E+0	0.00000E+0
5.36120E+0	-6.26376E-3	1.21785E-3	-1.90736E-6	4.76841E-7	-9.72308E-7	-1.51341E-9	0.00000E+0	0.00000E+0	2.00010E+0	0.00000E+0
5.37830E+0	-6.26376E-3	1.21785E-3	-2.14578E-6	4.76841E-7	-9.72366E-7	-1.51341E-9	0.00000E+0	0.00000E+0	2.00170E+0	0.00000E+0
5.39550E+0	-6.26376E-3	1.21785E-3	-2.14578E-6	4.76841E-7	-9.72366E-7	-1.51341E-9	0.00000E+0	0.00000E+0	2.00240E+0	0.00000E+0
5.41260E+0	-6.26376E-3	1.21785E-3	-2.14578E-6	4.76841E-7	-9.72424E-7	-1.51341E-9	0.00000E+0	0.00000E+0	1.99870E+0	0.00000E+0
5.42980E+0	-6.26376E-3	1.21785E-3	-2.14578E-6	4.76841E-7	-9.72424E-7	-1.51341E-9	0.00000E+0	0.00000E+0	2.00210E+0	0.00000E+0
5.44690E+0	-6.26376E-3	1.21785E-3	-1.90736E-6	4.76841E-7	-9.72424E-7	-1.57161E-9	0.00000E+0	0.00000E+0	2.00170E+0	0.00000E+0
5.46410E+0	-6.26472E-3	1.21785E-3	-1.90736E-6	4.76841E-7	-9.72483E-7	-1.57161E-9	0.00000E+0	0.00000E+0	1.99810E+0	0.00000E+0
5.48120E+0	-6.26472E-3	1.21785E-3	-1.90736E-6	4.76841E-7	-9.72541E-7	-1.57161E-9	0.00000E+0	0.00000E+0	1.99940E+0	0.00000E+0
5.49840E+0	-6.26472E-3	1.21785E-3	-1.66894E-6	4.76841E-7	-9.72541E-7	-1.57161E-9	0.00000E+0	0.00000E+0	2.00080E+0	0.00000E+0
5.51550E+0	-6.26472E-3	1.21785E-3	-1.66894E-6	4.76841E-7	-9.72541E-7	-1.57161E-9	0.00000E+0	0.00000E+0	2.00200E+0	0.00000E+0
5.53270E+0	-6.26472E-3	1.21785E-3	-1.66894E-6	4.76841E-7	-9.72541E-7	-1.57161E-9	0.00000E+0	0.00000E+0	1.99960E+0	0.00000E+0
5.54980E+0	-6.26472E-3	1.21785E-3	-1.66894E-6	4.76841E-7	-9.72541E-7	-1.57161E-9	0.00000E+0	0.00000E+0	1.99990E+0	0.00000E+0
5.56700E+0	-6.26567E-3	1.21785E-3	-1.19210E-6	4.76841E-7	-9.72599E-7	-1.57161E-9	0.00000E+0	0.00000E+0	1.99910E+0	0.00000E+0
5.58420E+0	-6.26567E-3	1.21785E-3	-9.53682E-7	4.76841E-7	-9.72599E-7	-1.57161E-9	0.00000E+0	0.00000E+0	1.99960E+0	0.00000E+0
5.60130E+0	-6.26567E-3	1.21785E-3	-7.15259E-7	4.76841E-7	-9.72599E-7	-1.57161E-9	0.00000E+0	0.00000E+0	1.99970E+0	0.00000E+0
5.61850E+0	-6.26567E-3	1.21690E-3	0.00000E+0	4.76841E-7	-9.72599E-7	-1.57161E-9	0.00000E+0	0.00000E+0	2.00400E+0	0.00000E+0
5.63560E+0	-6.26567E-3	1.21690E-3	9.53682E-7	4.76841E-7	-9.72599E-7	-1.57161E-9	0.00000E+0	0.00000E+0	1.99950E+0	0.00000E+0
5.65280E+0	-6.26567E-3	1.21785E-3	2.62262E-6	4.76841E-7	-9.72657E-7	-1.57161E-9	0.00000E+0	0.00000E+0	1.99940E+0	0.00000E+0
5.66990E+0	-6.26567E-3	1.21785E-3	4.76840E-6	4.76841E-7	-9.72657E-7	-1.57161E-9	0.00000E+0	0.00000E+0	2.00190E+0	0.00000E+0
5.68710E+0	-6.26567E-3	1.21785E-3	8.10629E-6	2.38420E-7	-9.72657E-7	-1.57161E-9	0.00000E+0	0.00000E+0	1.99940E+0	0.00000E+0
5.70420E+0	-6.26567E-3	1.21785E-3	1.28747E-5	2.38420E-7	-9.72657E-7	-1.57161E-9	0.00000E+0	0.00000E+0	2.00070E+0	0.00000E+0
5.72140E+0	-6.26567E-3	1.21785E-3	1.88352E-5	2.38420E-7	-9.72657E-7	-1.57161E-9	0.00000E+0	0.00000E+0	1.99900E+0	0.00000E+0
5.73850E+0	-6.26567E-3	1.21785E-3	2.69414E-5	4.76841E-7	-9.72657E-7	-1.57161E-9	0.00000E+0	0.00000E+0	2.00050E+0	0.00000E+0
5.75570E+0	-6.26567E-3	1.21785E-3	3.69551E-5	4.76841E-7	-9.72657E-7	-1.57161E-9	0.00000E+0	0.00000E+0	1.99910E+0	0.00000E+0
5.77280E+0	-6.26567E-3	1.21785E-3	4.93529E-5	4.76841E-7	-9.72657E-7	-1.57161E-9	0.00000E+0	0.00000E+0	2.00020E+0	0.00000E+0
5.79000E+0	-6.26567E-3	1.21785E-3	6.53272E-5	4.76841E-7	-9.72599E-7	-1.51341E-9	0.00000E+0	0.00000E+0	1.99990E+0	0.00000E+0
5.80710E+0	-6.26567E-3	1.21785E-3	8.63080E-5	4.76841E-7	-9.72599E-7	-1.51341E-9	0.00000E+0	0.00000E+0	2.00110E+0	0.00000E+0
5.82430E+0	-6.26567E-3	1.21785E-3	1.12534E-4	4.76841E-7	-9.72541E-7	-1.51341E-9	0.00000E+0	0.00000E+0	1.99910E+0	0.00000E+0
5.84150E+0	-6.26472E-3	1.21785E-3	1.45675E-4	4.76841E-7	-9.72424E-7	-1.45520E-9	0.00000E+0	0.00000E+0	2.00100E+0	0.00000E+0
5.85860E+0	-6.26376E-3	1.21785E-3	1.87875E-4	4.76841E-7	-9.72366E-7	-1.39699E-9	0.00000E+0	0.00000E+0	2.00120E+0	0.00000E+0
5.87580E+0	-6.26376E-3	1.21785E-3	2.41281E-4	7.15259E-7	-9.72250E-7	-1.33878E-9	0.00000E+0	0.00000E+0	2.00010E+0	0.00000E+0
5.89290E+0	-6.26186E-3	1.21785E-3	3.04701E-4	9.53682E-7	-9.72133E-7	-1.28058E-9	0.00000E+0	0.00000E+0	2.00060E+0	0.00000E+0
5.91010E+0	-6.26186E-3	1.21785E-3	3.80041E-4	1.19210E-6	-9.71959E-7	-1.22237E-9	0.00000E+0	0.00000E+0	1.99760E+0	0.00000E+0
5.92720E+0	-6.25899E-3	1.21785E-3	4.66825E-4	1.66894E-6	-9.71726E-7	-1.10595E-9	0.00000E+0	0.00000E+0	2.00160E+0	0.00000E+0
5.94440E+0	-6.25804E-3	1.21785E-3	5.66009E-4	2.62262E-6	-9.71551E-7	-1.04775E-9	0.00000E+0	0.00000E+0	2.00040E+0	0.00000E+0
5.96150E+0	-6.25518E-3	1.21785E-3	6.78543E-4	4.29156E-6	-9.71319E-7	-9.89537E-10	0.00000E+0	0.00000E+0	1.99620E+0	0.00000E+0
5.97870E+0	-6.25327E-3	1.21880E-3	7.98944E-4	5.48366E-6	-9.71086E-7	-8.73118E-10	0.00000E+0	0.00000E+0	2.00100E+0	0.00000E+0
5.99580E+0	-6.25041E-3	1.21785E-3	9.29121E-4	5.48366E-6	-9.70795E-7	-7.56703E-10	0.00000E+0	0.00000E+0	2.00160E+0	0.00000E+0
6.01300E+0	-6.24755E-3	1.21880E-3	1.07480E-3	4.29156E-6	-9.70504E-7	-6.40288E-10	0.00000E+0	0.00000E+0	1.99850E+0	0.00000E+0
6.03010E+0	-6.24374E-3	1.21880E-3	1.23120E-3	2.86104E-6	-9.70213E-7	-5.23873E-10	0.00000E+0	0.00000E+0	2.00070E+0	0.00000E+0
6.04730E+0	-6.23992E-3	1.21880E-3	1.40000E-3	1.66894E-6	-9.69805E-7	-3.49248E-10	0.00000E+0	0.00000E+0	2.00190E+0	0.00000E+0
6.06440E+0	-6.23611E-3	1.21880E-3	1.57882E-3	7.15259E-7	-9.69456E-7	-2.32832E-10	0.00000E+0	0.00000E+0	1.99940E+0	0.00000E+0
6.08160E+0	-6.23229E-3	1.21880E-3	1.76574E-3	0.00000E+0	-9.69107E-7	-5.82081E-11	0.00000E+0	0.00000E+0	1.99720E+0	0.00000E+0
6.09880E+0	-6.22848E-3	1.21880E-3	1.96029E-3	-4.76841E-7	-9.68699E-7	5.82081E-11	0.00000E+0	0.00000E+0	1.99960E+0	0.00000E+0
6.11590E+0	-6.22466E-3	1.21880E-3	2.16152E-3	-1.19210E-6	-9.68234E-7	2.32832E-10	0.00000E+0	0.00000E+0	1.99800E+0	0.00000E+0
6.13310E+0	-6.22180E-3	1.21976E-3	2.37061E-3	-1.66894E-6	-9.67826E-7	4.07455E-10	0.00000E+0	0.00000E+0	2.00120E+0	0.00000E+0
6.15020E+0	-6.21894E-3	1.21976E-3	2.58280E-3	-2.38420E-6	-9.67360E-7	5.82080E-10	0.00000E+0	0.00000E+0	1.99980E+0	0.00000E+0
6.16740E+0	-6.21703E-3	1.22071E-3	2.79881E-3	-3.33787E-6	-9.66895E-7	7.56703E-10	0.00000E+0	0.00000E+0	1.99830E+0	0.00000E+0
6.18450E+0	-6.21608E-3	1.22166E-3	3.01053E-3	-4.29156E-6	-9.66429E-7	9.31330E-10	0.00000E+0	0.00000E+0	1.99930E+0	0.00000E+0
6.20170E+0	-6.21608E-3	1.22262E-3	3.21914E-3	-5.24524E-6	-9.65905E-7	1.04775E-9	0.00000E+0	0.00000E+0	2.00230E+0	0.00000E+0
6.21880E+0	-6.21894E-3	1.22453E-3	3.42609E-3	-6.19891E-6	-9.65381E-7	1.22237E-9	0.00000E+0	0.00000E+0	1.99960E+0	0.00000E+0
6.23600E+0	-6.22275E-3	1.22643E-3	3.63709E-3	-7.39101E-6	-9.64857E-7	1.39699E-9	0.00000E+0	0.00000E+0	2.00250E+0	0.00000E+0
6.25310E+0	-6.22943E-3	1.22834E-3	3.84356E-3	-8.58313E-6	-9.64275E-7	1.62982E-9	0.00000E+0	0.00000E+0	1.99750E+0	0.00000E+0
6.27030E+0	-6.23897E-3	1.23215E-3	4.05052E-3	-1.00136E-5	-9.63635E-7	1.74624E-9	0.00000E+0	0.00000E+0	2.00070E+0	0.00000E+0
6.28740E+0	-6.25327E-3	1.23597E-3	4.25819E-3	-1.16826E-5	-9.63053E-7	1.97907E-9	0.00000E+0	0.00000E+0	1.99830E+0	0.00000E+0
6.30460E+0	-6.27044E-3	1.23978E-3	4.45440E-3	-1.33515E-5	-9.62413E-7	2.15370E-9	0.00000E+0	0.00000E+0	1.99770E+0	0.00000E+0
6.32180E+0	-6.29237E-3	1.24646E-3	4.63369E-3	-1.45436E-5	-9.61831E-7	2.27011E-9	0.00000E+0	0.00000E+0	2.00050E+0	0.00000E+0
6.33890E+0	-6.31812E-3	1.25218E-3	4.79630E-3	-1.64510E-5	-9.61190E-7	2.44474E-9	0.00000E+0	0.00000E+0	2.00010E+0	0.00000E+0
6.35610E+0	-6.34769E-3	1.25886E-3	4.94316E-3	-1.78815E-5	-9.60608E-7	2.56115E-9	0.00000E+0	0.00000E+0	1.99900E+0	0.00000E+0
6.37320E+0	-6.38106E-3	1.26649E-3	5.06809E-3	-1.93120E-5	-9.60026E-7	2.67757E-9	0.00000E+0	0.00000E+0	2.00110E+0	0.00000E+0
6.39040E+0	-6.41921E-3	1.27507E-3	5.17204E-3	-2.07425E-5	-9.59502E-7	2.79398E-9	0.00000E+0	0.00000E+0	2.00320E+0	0.00000E+0
6.40750E+0	-6.46213E-3	1.28365E-3	5.25883E-3	-2.19346E-5	-9.58920E-7	2.91040E-9	0.00000E+0	0.00000E+0	1.99890E+0	0.00000E+0
6.42470E+0	-6.51172E-3	1.29510E-3	5.33012E-3	-2.28883E-5	-9.58396E-7	3.02681E-9	0.00000E+0	0.00000E+0	1.99940E+0	0.00000E+0
6.44180E+0	-6.56798E-3	1.30654E-3	5.38567E-3	-2.40804E-5	-9.57873E-7	3.08502E-9	0.00000E+0	0.00000E+0	2.00050E+0	0.00000E+0
6.45900E+0	-6.62902E-3	1.31989E-3	5.42048E-3	-2.50341E-5	-9.57407E-7	3.20144E-9	0.00000E+0	0.00000E+0	2.00000E+0	0.00000E+0
6.47610E+0	-6.69578E-3	1.33324E-3	5.43597E-3	-2.57493E-5	-9.56941E-7	3.25964E-9	0.00000E+0	0.00000E+0	2.00070E+0	0.00000E+0
6.49330E+0	-6.76635E-3	1.34755E-3	5.43335E-3	-2.62262E-5	-9.56476E-7	3.31785E-9	0.00000E+0	0.00000E+0	2.00120E+0	0.00000E+0
6.51040E+0	-6.84169E-3	1.36376E-3	5.41404E-3	-2.69414E-5	-9.56126E-7	3.31785E-9	0.00000E+0	0.00000E+0	2.00000E+0	0.00000E+0
6.52760E+0	-6.92084E-3	1.37902E-3	5.37875E-3	-2.71798E-5	-9.55777E-7	3.37606E-9	0.00000E+0	0.00000E+0	1.99890E+0	0.00000E+0
6.54470E+0	-7.00191E-3	1.39619E-3	5.32892E-3	-2.71798E-5	-9.55486E-7	3.37606E-9	0.00000E+0	0.00000E+0	2.00090E+0	0.00000E+0
6.56190E+0	-7.08583E-3	1.41240E-3	5.26598E-3	-2.71798E-5	-9.55195E-7	3.37606E-9	0.00000E+0	0.00000E+0	1.99880E+0	0.00000E+0
6.57910E+0	-7.17071E-3	1.42957E-3	5.19183E-3	-2.71798E-5	-9.54962E-7	3.37606E-9	0.00000E+0	0.00000E+0	1.99840E+0	0.00000E+0
6.59620E+0	-7.25845E-3	1.44769E-3	5.10648E-3	-2.69414E-5	-9.54846E-7	3.37606E-9	0.00000E+0	0.00000E+0	1.99870E+0	0.00000E+0
6.61340E+0	-7.34618E-3	1.46485E-3	5.01016E-3	-2.64646E-5	-9.54671E-7	3.37606E-9	0.00000E+0	0.00000E+0	2.00200E+0	0.00000E+0
6.63050E+0	-7.42725E-3	1.48106E-3	4.90955E-3	-2.62262E-5	-9.54555E-7	3.37606E-9	0.00000E+0	0.00000E+0	1.99960E+0	0.00000E+0
6.64770E+0	-7.50831E-3	1.49728E-3	4.80750E-3	-2.55109E-5	-9.54496E-7	3.31785E-9	0.00000E+0	0.00000E+0	1.99960E+0	0.00000E+0
6.66480E+0	-7.58842E-3	1.51349E-3	4.69902E-3	-2.50341E-5	-9.54438E-7	3.31785E-9	0.00000E+0	0.00000E+0	1.99990E+0	0.00000E+0
6.68200E+0	-7.66566E-3	1.52779E-3	4.58482E-3	-2.45572E-5	-9.54438E-7	3.25964E-9	0.00000E+0	0.00000E+0	1.99870E+0	0.00000E+0
6.69910E+0	-7.73528E-3	1.54210E-3	4.47085E-3	-2.38420E-5	-9.54438E-7	3.25964E-9	0.00000E+0	0.00000E+0	2.00060E+0	0.00000E+0
6.71630E+0	-7.80109E-3	1.55545E-3	4.36381E-3	-2.31267E-5	-9.54438E-7	3.20144E-9	0.00000E+0	0.00000E+0	1.99870E+0	0.00000E+0
6.73340E+0	-7.86501E-3	1.56785E-3	4.25699E-3	-2.24115E-5	-9.54496E-7	3.14323E-9	0.00000E+0	0.00000E+0	2.00030E+0	0.00000E+0
6.75060E+0	-7.92700E-3	1.58025E-3	4.14756E-3	-2.16962E-5	-9.54555E-7	3.08502E-9	0.00000E+0	0.00000E+0	2.00050E+0	0.00000E+0
6.76770E+0	-7.98517E-3	1.59169E-3	4.04170E-3	-2.09810E-5	-9.54671E-7	3.08502E-9	0.00000E+0	0.00000E+0	1.99900E+0	0.00000E+0
6.78490E+0	-8.04144E-3	1.60313E-3	3.93704E-3	-2.02657E-5	-9.54729E-7	3.02681E-9	0.00000E+0	0.00000E+0	1.99880E+0	0.00000E+0
6.80200E+0	-8.09294E-3	1.61362E-3	3.83522E-3	-1.97889E-5	-9.54904E-7	2.96860E-9	0.00000E+0	0.00000E+0	1.99960E+0	0.00000E+0
6.81920E+0	-8.14348E-3	1.62316E-3	3.73866E-3	-1.90736E-5	-9.54962E-7	2.91040E-9	0.00000E+0	0.00000E+0	2.00190E+0	0.00000E+0
6.83640E+0	-8.19021E-3	1.63270E-3	3.64758E-3	-1.81199E-5	-9.55137E-7	2.85219E-9	0.00000E+0	0.00000E+0	1.99960E+0	0.00000E+0
6.85350E+0	-8.23599E-3	1.64128E-3	3.55841E-3	-1.76431E-5	-9.55311E-7	2.79398E-9	0.00000E+0	0.00000E+0	2.00010E+0	0.00000E+0
6.87070E+0	-8.27986E-3	1.65082E-3	3.47091E-3	-1.69278E-5	-9.55428E-7	2.79398E-9	0.00000E+0	0.00000E+0	1.99760E+0	0.00000E+0
6.88780E+0	-8.32087E-3	1.65845E-3	3.38675E-3	-1.64510E-5	-9.55602E-7	2.67757E-9	0.00000E+0	0.00000E+0	1.99870E+0	0.00000E+0
6.90500E+0	-8.36092E-3	1.66608E-3	3.30402E-3	-1.57357E-5	-9.55835E-7	2.61936E-9	0.00000E+0	0.00000E+0	1.99910E+0	0.00000E+0
6.92210E+0	-8.39621E-3	1.67371E-3	3.23059E-3	-1.50204E-5	-9.56010E-7	2.61936E-9	0.00000E+0	0.00000E+0	1.99360E+0	0.00000E+0
6.93930E+0	-8.43245E-3	1.68038E-3	3.15668E-3	-1.45436E-5	-9.56243E-7	2.56115E-9	0.00000E+0	0.00000E+0	2.00060E+0	0.00000E+0
6.95640E+0	-8.46583E-3	1.68706E-3	3.08730E-3	-1.40668E-5	-9.56359E-7	2.50294E-9	0.00000E+0	0.00000E+0	2.00010E+0	0.00000E+0
6.97360E+0	-8.49825E-3	1.69373E-3	3.02698E-3	-1.33515E-5	-9.56592E-7	2.44474E-9	0.00000E+0	0.00000E+0	1.99880E+0	0.00000E+0
6.99070E+0	-8.52686E-3	1.69946E-3	2.96547E-3	-1.28747E-5	-9.56825E-7	2.38653E-9	0.00000E+0	0.00000E+0	1.99950E+0	0.00000E+0
7.00790E+0	-8.55643E-3	1.70518E-3	2.90729E-3	-1.26362E-5	-9.56999E-7	2.32832E-9	0.00000E+0	0.00000E+0	2.00130E+0	0.00000E+0
7.02500E+0	-8.58408E-3	1.71090E-3	2.85412E-3	-1.23978E-5	-9.57232E-7	2.27011E-9	0.00000E+0	0.00000E+0	1.99920E+0	0.00000E+0
7.04220E+0	-8.61079E-3	1.71567E-3	2.80406E-3	-1.16826E-5	-9.57465E-7	2.21191E-9	0.00000E+0	0.00000E+0	1.99830E+0	0.00000E+0
7.05940E+0	-8.63653E-3	1.72044E-3	2.75256E-3	-1.14442E-5	-9.57698E-7	2.15370E-9	0.00000E+0	0.00000E+0	1.99610E+0	0.00000E+0
7.07650E+0	-8.66228E-3	1.72520E-3	2.70511E-3	-1.09673E-5	-9.57873E-7	2.09549E-9	0.00000E+0	0.00000E+0	1.99840E+0	0.00000E+0
7.09370E+0	-8.68517E-3	1.73093E-3	2.66005E-3	-1.07289E-5	-9.58105E-7	2.09549E-9	0.00000E+0	0.00000E+0	1.99930E+0	0.00000E+0
7.11080E+0	-8.70901E-3	1.73569E-3	2.62262E-3	-1.02521E-5	-9.58280E-7	2.03728E-9	0.00000E+0	0.00000E+0	1.99860E+0	0.00000E+0
7.12800E+0	-8.73095E-3	1.73951E-3	2.58566E-3	-1.00136E-5	-9.58513E-7	1.97907E-9	0.00000E+0	0.00000E+0	1.99700E+0	0.00000E+0
7.14510E+0	-8.75288E-3	1.74428E-3	2.54919E-3	-9.53680E-6	-9.58746E-7	1.92087E-9	0.00000E+0	0.00000E+0	1.99890E+0	0.00000E+0
7.16230E+0	-8.77386E-3	1.74809E-3	2.51533E-3	-9.29838E-6	-9.58862E-7	1.92087E-9	0.00000E+0	0.00000E+0	1.99830E+0	0.00000E+0
7.17940E+0	-8.79484E-3	1.75191E-3	2.48815E-3	-9.05996E-6	-9.59095E-7	1.86266E-9	0.00000E+0	0.00000E+0	1.99650E+0	0.00000E+0
7.19660E+0	-8.81487E-3	1.75572E-3	2.45954E-3	-8.82155E-6	-9.59270E-7	1.80444E-9	0.00000E+0	0.00000E+0	1.99770E+0	0.00000E+0
7.21370E+0	-8.83585E-3	1.76049E-3	2.43403E-3	-8.58313E-6	-9.59444E-7	1.74624E-9	0.00000E+0	0.00000E+0	1.99880E+0	0.00000E+0
7.23090E+0	-8.85683E-3	1.76430E-3	2.40947E-3	-8.34471E-6	-9.59619E-7	1.74624E-9	0.00000E+0	0.00000E+0	1.99890E+0	0.00000E+0
7.24800E+0	-8.87686E-3	1.76717E-3	2.38706E-3	-8.34471E-6	-9.59735E-7	1.68803E-9	0.00000E+0	0.00000E+0	1.99720E+0	0.00000E+0
7.26520E+0	-8.89784E-3	1.77098E-3	2.36441E-3	-8.10629E-6	-9.59910E-7	1.68803E-9	0.00000E+0	0.00000E+0	1.99630E+0	0.00000E+0
7.28230E+0	-8.91787E-3	1.77575E-3	2.34534E-3	-7.86787E-6	-9.60026E-7	1.62982E-9	0.00000E+0	0.00000E+0	1.99560E+0	0.00000E+0
7.29950E+0	-8.93980E-3	1.77956E-3	2.32674E-3	-7.86787E-6	-9.60201E-7	1.62982E-9	0.00000E+0	0.00000E+0	1.99680E+0	0.00000E+0
7.31670E+0	-8.96174E-3	1.78433E-3	2.31077E-3	-7.86787E-6	-9.60317E-7	1.62982E-9	0.00000E+0	0.00000E+0	1.99810E+0	0.00000E+0
7.33380E+0	-8.98367E-3	1.78815E-3	2.29718E-3	-7.86787E-6	-9.60434E-7	1.57161E-9	0.00000E+0	0.00000E+0	1.99630E+0	0.00000E+0
7.35100E+0	-9.00561E-3	1.79196E-3	2.27930E-3	-7.62945E-6	-9.60550E-7	1.57161E-9	0.00000E+0	0.00000E+0	1.99970E+0	0.00000E+0
7.36810E+0	-9.02945E-3	1.79578E-3	2.26451E-3	-7.39101E-6	-9.60667E-7	1.51341E-9	0.00000E+0	0.00000E+0	1.99780E+0	0.00000E+0
7.38530E+0	-9.05234E-3	1.80054E-3	2.25474E-3	-7.39101E-6	-9.60725E-7	1.51341E-9	0.00000E+0	0.00000E+0	1.99510E+0	0.00000E+0
7.40240E+0	-9.07427E-3	1.80436E-3	2.24067E-3	-7.39101E-6	-9.60841E-7	1.51341E-9	0.00000E+0	0.00000E+0	1.99630E+0	0.00000E+0
7.41960E+0	-9.09716E-3	1.80913E-3	2.22565E-3	-7.39101E-6	-9.60899E-7	1.45520E-9	0.00000E+0	0.00000E+0	1.99700E+0	0.00000E+0
7.43670E+0	-9.12100E-3	1.81294E-3	2.21469E-3	-7.39101E-6	-9.60958E-7	1.45520E-9	0.00000E+0	0.00000E+0	1.99330E+0	0.00000E+0
7.45390E+0	-9.14389E-3	1.81771E-3	2.20348E-3	-7.39101E-6	-9.61074E-7	1.45520E-9	0.00000E+0	0.00000E+0	1.99690E+0	0.00000E+0
7.47100E+0	-9.16964E-3	1.82248E-3	2.19227E-3	-7.39101E-6	-9.61132E-7	1.45520E-9	0.00000E+0	0.00000E+0	1.99750E+0	0.00000E+0
7.48820E+0	-9.19348E-3	1.82725E-3	2.18607E-3	-7.39101E-6	-9.61132E-7	1.45520E-9	0.00000E+0	0.00000E+0	1.99980E+0	0.00000E+0
7.50530E+0	-9.21828E-3	1.83106E-3	2.17916E-3	-7.39101E-6	-9.61190E-7	1.45520E-9	0.00000E+0	0.00000E+0	1.99640E+0	0.00000E+0
7.52250E+0	-9.24307E-3	1.83583E-3	2.17010E-3	-7.39101E-6	-9.61190E-7	1.45520E-9	0.00000E+0	0.00000E+0	1.99510E+0	0.00000E+0
7.53960E+0	-9.26691E-3	1.83965E-3	2.16080E-3	-7.39101E-6	-9.61249E-7	1.45520E-9	0.00000E+0	0.00000E+0	1.99540E+0	0.00000E+0
7.55680E+0	-9.29362E-3	1.84537E-3	2.15103E-3	-7.39101E-6	-9.61307E-7	1.45520E-9	0.00000E+0	0.00000E+0	1.99760E+0	0.00000E+0
7.57400E+0	-9.32032E-3	1.85014E-3	2.14411E-3	-7.62945E-6	-9.61307E-7	1.45520E-9	0.00000E+0	0.00000E+0	1.99720E+0	0.00000E+0
7.59110E+0	-9.34798E-3	1.85586E-3	2.13791E-3	-7.62945E-6	-9.61307E-7	1.45520E-9	0.00000E+0	0.00000E+0	1.99600E+0	0.00000E+0
7.60830E+0	-9.37563E-3	1.86063E-3	2.13148E-3	-7.86787E-6	-9.61307E-7	1.39699E-9	0.00000E+0	0.00000E+0	1.99820E+0	0.00000E+0
7.62540E+0	-9.40424E-3	1.86539E-3	2.12480E-3	-7.86787E-6	-9.61307E-7	1.45520E-9	0.00000E+0	0.00000E+0	1.99830E+0	0.00000E+0
7.64260E+0	-9.43381E-3	1.87112E-3	2.12075E-3	-7.86787E-6	-9.61307E-7	1.45520E-9	0.00000E+0	0.00000E+0	1.99900E+0	0.00000E+0
7.65970E+0	-9.45765E-3	1.87588E-3	2.11550E-3	-7.86787E-6	-9.61307E-7	1.39699E-9	0.00000E+0	0.00000E+0	1.99460E+0	0.00000E+0
7.67690E+0	-9.45765E-3	1.87588E-3	2.10835E-3	-7.86787E-6	-9.61307E-7	1.39699E-9	0.00000E+0	0.00000E+0	1.99540E+0	0.00000E+0
7.69400E+0	-9.45669E-3	1.87588E-3	2.10549E-3	-7.86787E-6	-9.61307E-7	1.39699E-9	0.00000E+0	0.00000E+0	1.99690E+0	0.00000E+0
7.70000E+0	-9.45765E-3	1.87588E-3	2.10764E-3	-7.86787E-6	-9.61307E-7	1.39699E-9	0.00000E+0	0.00000E+0	1.99600E+0	0.00000E+0
