B (T)	X1(V)	Y1 (V)	X2(V)	Y2(V)	X3 (V)	Y3 (V)	X4 (V)	Y4 (V)	SensA (V)	SensB (V)
0.00000E+0	-1.18409E-2	2.34796E-3	1.31131E-6	1.07778E-3	-9.62180E-7	8.73118E-10	0.00000E+0	0.00000E+0	1.99890E+0	0.00000E+0
0.00000E+0	-1.18161E-2	2.34319E-3	1.19210E-6	1.13655E-3	-9.62063E-7	8.73118E-10	0.00000E+0	0.00000E+0	1.99820E+0	0.00000E+0
7.69630E+0	-1.17760E-2	2.33556E-3	8.34469E-7	1.21499E-3	-9.62005E-7	9.31330E-10	0.00000E+0	0.00000E+0	1.99720E+0	0.00000E+0
7.67920E+0	-1.17293E-2	2.32698E-3	2.38420E-7	1.29605E-3	-9.61889E-7	9.31330E-10	0.00000E+0	0.00000E+0	1.99920E+0	0.00000E+0
7.66200E+0	-1.16902E-2	2.31935E-3	-1.19210E-7	1.37223E-3	-9.61831E-7	9.89537E-10	0.00000E+0	0.00000E+0	1.99900E+0	0.00000E+0
7.64490E+0	-1.16435E-2	2.30981E-3	-7.15259E-7	1.45591E-3	-9.61772E-7	1.04775E-9	0.00000E+0	0.00000E+0	1.99820E+0	0.00000E+0
7.62770E+0	-1.15929E-2	2.30123E-3	-1.19210E-6	1.54615E-3	-9.61656E-7	1.04775E-9	0.00000E+0	0.00000E+0	2.00000E+0	0.00000E+0
7.61060E+0	-1.15481E-2	2.29265E-3	-1.66894E-6	1.62638E-3	-9.61598E-7	1.10595E-9	0.00000E+0	0.00000E+0	1.99750E+0	0.00000E+0
7.59340E+0	-1.15014E-2	2.28311E-3	-2.26499E-6	1.70601E-3	-9.61540E-7	1.10595E-9	0.00000E+0	0.00000E+0	1.99960E+0	0.00000E+0
7.57630E+0	-1.14575E-2	2.27548E-3	-2.62262E-6	1.78540E-3	-9.61423E-7	1.16416E-9	0.00000E+0	0.00000E+0	1.99970E+0	0.00000E+0
7.55910E+0	-1.14155E-2	2.26785E-3	-3.21867E-6	1.86075E-3	-9.61365E-7	1.16416E-9	0.00000E+0	0.00000E+0	1.99790E+0	0.00000E+0
7.54200E+0	-1.13717E-2	2.26022E-3	-3.57629E-6	1.93036E-3	-9.61307E-7	1.22237E-9	0.00000E+0	0.00000E+0	2.00120E+0	0.00000E+0
7.52480E+0	-1.13326E-2	2.25259E-3	-4.05314E-6	2.00166E-3	-9.61249E-7	1.22237E-9	0.00000E+0	0.00000E+0	1.99960E+0	0.00000E+0
7.50770E+0	-1.12887E-2	2.24401E-3	-4.41077E-6	2.08010E-3	-9.61190E-7	1.28058E-9	0.00000E+0	0.00000E+0	2.00000E+0	0.00000E+0
7.49050E+0	-1.12324E-2	2.23352E-3	-4.88761E-6	2.16629E-3	-9.61074E-7	1.28058E-9	0.00000E+0	0.00000E+0	2.00020E+0	0.00000E+0
7.47330E+0	-1.11876E-2	2.22494E-3	-5.24524E-6	2.18429E-3	-9.61016E-7	1.33878E-9	0.00000E+0	0.00000E+0	1.99940E+0	0.00000E+0
7.45620E+0	-1.11399E-2	2.21540E-3	-5.60287E-6	2.18429E-3	-9.60899E-7	1.39699E-9	0.00000E+0	0.00000E+0	2.00040E+0	0.00000E+0
7.43900E+0	-1.10837E-2	2.20491E-3	-6.07970E-6	2.18429E-3	-9.60841E-7	1.39699E-9	0.00000E+0	0.00000E+0	1.99930E+0	0.00000E+0
7.42190E+0	-1.10341E-2	2.19537E-3	-6.43733E-6	2.18429E-3	-9.60841E-7	1.39699E-9	0.00000E+0	0.00000E+0	1.99750E+0	0.00000E+0
7.40470E+0	-1.09797E-2	2.18488E-3	-7.03338E-6	2.18429E-3	-9.60725E-7	1.45520E-9	0.00000E+0	0.00000E+0	1.99820E+0	0.00000E+0
7.38760E+0	-1.09234E-2	2.17439E-3	-7.27180E-6	2.18429E-3	-9.60667E-7	1.45520E-9	0.00000E+0	0.00000E+0	1.99830E+0	0.00000E+0
7.37040E+0	-1.08748E-2	2.16581E-3	-7.62945E-6	2.18429E-3	-9.60550E-7	1.51341E-9	0.00000E+0	0.00000E+0	1.99820E+0	0.00000E+0
7.35330E+0	-1.08376E-2	2.15723E-3	-7.98708E-6	2.18429E-3	-9.60492E-7	1.51341E-9	0.00000E+0	0.00000E+0	1.99930E+0	0.00000E+0
7.33610E+0	-1.07842E-2	2.14769E-3	-8.34471E-6	2.18429E-3	-9.60434E-7	1.57161E-9	0.00000E+0	0.00000E+0	2.00000E+0	0.00000E+0
7.31900E+0	-1.07260E-2	2.13625E-3	-8.70234E-6	2.18429E-3	-9.60317E-7	1.62982E-9	0.00000E+0	0.00000E+0	1.99910E+0	0.00000E+0
7.30180E+0	-1.06621E-2	2.12385E-3	-8.94075E-6	2.18429E-3	-9.60259E-7	1.62982E-9	0.00000E+0	0.00000E+0	2.00150E+0	0.00000E+0
7.28470E+0	-1.06021E-2	2.11240E-3	-9.41759E-6	2.18429E-3	-9.60201E-7	1.68803E-9	0.00000E+0	0.00000E+0	1.99860E+0	0.00000E+0
7.26750E+0	-1.05477E-2	2.10191E-3	-9.77522E-6	2.18429E-3	-9.60084E-7	1.68803E-9	0.00000E+0	0.00000E+0	1.99820E+0	0.00000E+0
7.25040E+0	-1.04952E-2	2.09142E-3	-1.00136E-5	2.18429E-3	-9.60026E-7	1.74624E-9	0.00000E+0	0.00000E+0	2.00110E+0	0.00000E+0
7.23320E+0	-1.04380E-2	2.07902E-3	-1.03713E-5	2.18429E-3	-9.59968E-7	1.74624E-9	0.00000E+0	0.00000E+0	2.00240E+0	0.00000E+0
7.21600E+0	-1.03932E-2	2.07044E-3	-1.04905E-5	2.18429E-3	-9.59910E-7	1.74624E-9	0.00000E+0	0.00000E+0	1.99920E+0	0.00000E+0
7.19890E+0	-1.03522E-2	2.06281E-3	-1.06097E-5	2.18429E-3	-9.59793E-7	1.80444E-9	0.00000E+0	0.00000E+0	1.99750E+0	0.00000E+0
7.18170E+0	-1.03074E-2	2.05328E-3	-1.08481E-5	2.18429E-3	-9.59735E-7	1.86266E-9	0.00000E+0	0.00000E+0	1.99960E+0	0.00000E+0
7.16460E+0	-1.02597E-2	2.04374E-3	-1.09673E-5	2.18429E-3	-9.59677E-7	1.86266E-9	0.00000E+0	0.00000E+0	1.99660E+0	0.00000E+0
7.14740E+0	-1.02072E-2	2.03229E-3	-1.12057E-5	2.18429E-3	-9.59619E-7	1.86266E-9	0.00000E+0	0.00000E+0	1.99890E+0	0.00000E+0
7.13030E+0	-1.01596E-2	2.02276E-3	-1.12057E-5	2.18429E-3	-9.59561E-7	1.92087E-9	0.00000E+0	0.00000E+0	1.99930E+0	0.00000E+0
7.11310E+0	-1.01128E-2	2.01322E-3	-1.13249E-5	2.18429E-3	-9.59502E-7	1.92087E-9	0.00000E+0	0.00000E+0	1.99760E+0	0.00000E+0
7.09600E+0	-1.00642E-2	2.00368E-3	-1.15634E-5	2.18429E-3	-9.59444E-7	1.92087E-9	0.00000E+0	0.00000E+0	1.99900E+0	0.00000E+0
7.07880E+0	-1.00165E-2	1.99510E-3	-1.15634E-5	2.18429E-3	-9.59328E-7	1.97907E-9	0.00000E+0	0.00000E+0	1.99820E+0	0.00000E+0
7.06170E+0	-9.96882E-3	1.98461E-3	-1.18018E-5	2.18429E-3	-9.59270E-7	1.97907E-9	0.00000E+0	0.00000E+0	1.99890E+0	0.00000E+0
7.04450E+0	-9.92781E-3	1.97603E-3	-1.20402E-5	2.18429E-3	-9.59211E-7	1.97907E-9	0.00000E+0	0.00000E+0	2.00050E+0	0.00000E+0
7.02740E+0	-9.88203E-3	1.96649E-3	-1.21594E-5	2.18429E-3	-9.59095E-7	2.03728E-9	0.00000E+0	0.00000E+0	1.99870E+0	0.00000E+0
7.01020E+0	-9.83626E-3	1.95695E-3	-1.22786E-5	2.18429E-3	-9.59037E-7	2.03728E-9	0.00000E+0	0.00000E+0	2.00030E+0	0.00000E+0
6.99300E+0	-9.78571E-3	1.94741E-3	-1.23978E-5	2.18429E-3	-9.58978E-7	2.09549E-9	0.00000E+0	0.00000E+0	1.99910E+0	0.00000E+0
6.97590E+0	-9.74661E-3	1.93883E-3	-1.22786E-5	2.18429E-3	-9.58920E-7	2.09549E-9	0.00000E+0	0.00000E+0	2.00120E+0	0.00000E+0
6.95870E+0	-9.69702E-3	1.92834E-3	-1.25170E-5	2.18429E-3	-9.58862E-7	2.09549E-9	0.00000E+0	0.00000E+0	1.99900E+0	0.00000E+0
6.94160E+0	-9.64075E-3	1.91785E-3	-1.25170E-5	2.18429E-3	-9.58804E-7	2.15370E-9	0.00000E+0	0.00000E+0	1.99980E+0	0.00000E+0
6.92440E+0	-9.59307E-3	1.90736E-3	-1.26362E-5	2.18429E-3	-9.58746E-7	2.15370E-9	0.00000E+0	0.00000E+0	2.00050E+0	0.00000E+0
6.90730E+0	-9.55015E-3	1.89877E-3	-1.27555E-5	2.18429E-3	-9.58629E-7	2.15370E-9	0.00000E+0	0.00000E+0	1.99870E+0	0.00000E+0
6.89010E+0	-9.51391E-3	1.89114E-3	-1.27555E-5	2.18429E-3	-9.58571E-7	2.15370E-9	0.00000E+0	0.00000E+0	2.00180E+0	0.00000E+0
6.87300E+0	-9.47958E-3	1.88447E-3	-1.27555E-5	2.18429E-3	-9.58513E-7	2.21191E-9	0.00000E+0	0.00000E+0	2.00190E+0	0.00000E+0
6.85580E+0	-9.44430E-3	1.87684E-3	-1.32323E-5	2.18429E-3	-9.58396E-7	2.21191E-9	0.00000E+0	0.00000E+0	2.00200E+0	0.00000E+0
6.83870E+0	-9.40329E-3	1.86921E-3	-1.32323E-5	2.18429E-3	-9.58338E-7	2.21191E-9	0.00000E+0	0.00000E+0	2.00020E+0	0.00000E+0
6.82150E+0	-9.36419E-3	1.86158E-3	-1.33515E-5	2.18429E-3	-9.58280E-7	2.21191E-9	0.00000E+0	0.00000E+0	1.99790E+0	0.00000E+0
6.80440E+0	-9.33558E-3	1.85490E-3	-1.33515E-5	2.18429E-3	-9.58164E-7	2.27011E-9	0.00000E+0	0.00000E+0	1.99890E+0	0.00000E+0
6.78720E+0	-9.30506E-3	1.84918E-3	-1.35899E-5	2.18429E-3	-9.58105E-7	2.32832E-9	0.00000E+0	0.00000E+0	1.99790E+0	0.00000E+0
6.77010E+0	-9.27550E-3	1.84346E-3	-1.37091E-5	2.18429E-3	-9.57989E-7	2.32832E-9	0.00000E+0	0.00000E+0	1.99720E+0	0.00000E+0
6.75290E+0	-9.24498E-3	1.83678E-3	-1.39475E-5	2.18429E-3	-9.57873E-7	2.32832E-9	0.00000E+0	0.00000E+0	1.99830E+0	0.00000E+0
6.73570E+0	-9.21732E-3	1.83106E-3	-1.41860E-5	2.18429E-3	-9.57814E-7	2.38653E-9	0.00000E+0	0.00000E+0	1.99940E+0	0.00000E+0
6.71860E+0	-9.18490E-3	1.82534E-3	-1.41860E-5	2.18429E-3	-9.57640E-7	2.38653E-9	0.00000E+0	0.00000E+0	2.00090E+0	0.00000E+0
6.70140E+0	-9.15629E-3	1.81962E-3	-1.45436E-5	2.18429E-3	-9.57523E-7	2.38653E-9	0.00000E+0	0.00000E+0	2.00100E+0	0.00000E+0
6.68430E+0	-9.14103E-3	1.81676E-3	-1.45436E-5	2.18429E-3	-9.57407E-7	2.44474E-9	0.00000E+0	0.00000E+0	1.99970E+0	0.00000E+0
6.66710E+0	-9.12005E-3	1.81199E-3	-1.49012E-5	2.18429E-3	-9.57290E-7	2.44474E-9	0.00000E+0	0.00000E+0	1.99970E+0	0.00000E+0
6.65000E+0	-9.09430E-3	1.80722E-3	-1.51396E-5	2.18429E-3	-9.57174E-7	2.50294E-9	0.00000E+0	0.00000E+0	2.00110E+0	0.00000E+0
6.63280E+0	-9.06664E-3	1.80245E-3	-1.53781E-5	2.18429E-3	-9.56999E-7	2.56115E-9	0.00000E+0	0.00000E+0	2.00070E+0	0.00000E+0
6.61570E+0	-9.03708E-3	1.79578E-3	-1.54973E-5	2.18429E-3	-9.56883E-7	2.56115E-9	0.00000E+0	0.00000E+0	1.99900E+0	0.00000E+0
6.59850E+0	-8.99798E-3	1.78910E-3	-1.59742E-5	2.18429E-3	-9.56708E-7	2.61936E-9	0.00000E+0	0.00000E+0	2.00200E+0	0.00000E+0
6.58140E+0	-8.96364E-3	1.78242E-3	-1.60934E-5	2.18429E-3	-9.56534E-7	2.61936E-9	0.00000E+0	0.00000E+0	2.00080E+0	0.00000E+0
6.56420E+0	-8.93503E-3	1.77575E-3	-1.63318E-5	2.18429E-3	-9.56417E-7	2.67757E-9	0.00000E+0	0.00000E+0	1.99920E+0	0.00000E+0
6.54710E+0	-8.90547E-3	1.77098E-3	-1.65702E-5	2.18429E-3	-9.56243E-7	2.67757E-9	0.00000E+0	0.00000E+0	1.99870E+0	0.00000E+0
6.52990E+0	-8.87972E-3	1.76621E-3	-1.68086E-5	2.18429E-3	-9.56068E-7	2.73577E-9	0.00000E+0	0.00000E+0	2.00140E+0	0.00000E+0
6.51280E+0	-8.86065E-3	1.76240E-3	-1.72855E-5	2.18429E-3	-9.55893E-7	2.79398E-9	0.00000E+0	0.00000E+0	1.99740E+0	0.00000E+0
6.49560E+0	-8.82918E-3	1.75668E-3	-1.75239E-5	2.18429E-3	-9.55719E-7	2.85219E-9	0.00000E+0	0.00000E+0	1.99850E+0	0.00000E+0
6.47840E+0	-8.81010E-3	1.75286E-3	-1.80007E-5	2.18429E-3	-9.55544E-7	2.85219E-9	0.00000E+0	0.00000E+0	1.99960E+0	0.00000E+0
6.46130E+0	-8.79580E-3	1.75000E-3	-1.83583E-5	2.18429E-3	-9.55428E-7	2.91040E-9	0.00000E+0	0.00000E+0	1.99960E+0	0.00000E+0
6.44410E+0	-8.77768E-3	1.74714E-3	-1.84776E-5	2.18429E-3	-9.55195E-7	2.91040E-9	0.00000E+0	0.00000E+0	2.00030E+0	0.00000E+0
6.42700E+0	-8.75574E-3	1.74332E-3	-1.88352E-5	2.18429E-3	-9.55079E-7	2.96860E-9	0.00000E+0	0.00000E+0	1.99840E+0	0.00000E+0
6.40980E+0	-8.73476E-3	1.73951E-3	-1.93120E-5	2.18429E-3	-9.54846E-7	3.02681E-9	0.00000E+0	0.00000E+0	2.00030E+0	0.00000E+0
6.39270E+0	-8.71092E-3	1.73474E-3	-1.99081E-5	2.18429E-3	-9.54671E-7	3.08502E-9	0.00000E+0	0.00000E+0	2.00070E+0	0.00000E+0
6.37550E+0	-8.68708E-3	1.72997E-3	-2.02657E-5	2.18429E-3	-9.54496E-7	3.08502E-9	0.00000E+0	0.00000E+0	1.99930E+0	0.00000E+0
6.35840E+0	-8.65752E-3	1.72520E-3	-2.07425E-5	2.18429E-3	-9.54264E-7	3.14323E-9	0.00000E+0	0.00000E+0	2.00030E+0	0.00000E+0
6.34120E+0	-8.63177E-3	1.71948E-3	-2.12194E-5	2.18429E-3	-9.54089E-7	3.20144E-9	0.00000E+0	0.00000E+0	1.99850E+0	0.00000E+0
6.32410E+0	-8.60506E-3	1.71471E-3	-2.16962E-5	2.18429E-3	-9.53856E-7	3.25964E-9	0.00000E+0	0.00000E+0	2.00100E+0	0.00000E+0
6.30690E+0	-8.57359E-3	1.70899E-3	-2.22923E-5	2.18429E-3	-9.53620E-7	3.31785E-9	0.00000E+0	0.00000E+0	1.99780E+0	0.00000E+0
6.28980E+0	-8.54403E-3	1.70232E-3	-2.25307E-5	2.18429E-3	-9.53445E-7	3.31785E-9	0.00000E+0	0.00000E+0	1.99800E+0	0.00000E+0
6.27260E+0	-8.51160E-3	1.69755E-3	-2.30075E-5	2.18429E-3	-9.53271E-7	3.37606E-9	0.00000E+0	0.00000E+0	1.99600E+0	0.00000E+0
6.25550E+0	-8.48490E-3	1.69183E-3	-2.34843E-5	2.18429E-3	-9.53038E-7	3.43427E-9	0.00000E+0	0.00000E+0	1.99690E+0	0.00000E+0
6.23830E+0	-8.45057E-3	1.68515E-3	-2.41996E-5	2.18429E-3	-9.52863E-7	3.49247E-9	0.00000E+0	0.00000E+0	2.00200E+0	0.00000E+0
6.22110E+0	-8.42100E-3	1.68038E-3	-2.49149E-5	2.18429E-3	-9.52630E-7	3.55068E-9	0.00000E+0	0.00000E+0	1.99880E+0	0.00000E+0
6.20400E+0	-8.38572E-3	1.67371E-3	-2.55109E-5	2.18429E-3	-9.52456E-7	3.60889E-9	0.00000E+0	0.00000E+0	1.99880E+0	0.00000E+0
6.18680E+0	-8.35234E-3	1.66703E-3	-2.62262E-5	2.18429E-3	-9.52223E-7	3.60889E-9	0.00000E+0	0.00000E+0	1.99860E+0	0.00000E+0
6.16970E+0	-8.31419E-3	1.65940E-3	-2.65838E-5	2.18429E-3	-9.52106E-7	3.72532E-9	0.00000E+0	0.00000E+0	1.99820E+0	0.00000E+0
6.15250E+0	-8.27891E-3	1.65273E-3	-2.74183E-5	2.18429E-3	-9.51932E-7	3.72532E-9	0.00000E+0	0.00000E+0	1.99840E+0	0.00000E+0
6.13540E+0	-8.25411E-3	1.64796E-3	-2.80143E-5	2.18429E-3	-9.51757E-7	3.78353E-9	0.00000E+0	0.00000E+0	1.99940E+0	0.00000E+0
6.11820E+0	-8.21692E-3	1.64128E-3	-2.87296E-5	2.18429E-3	-9.51582E-7	3.84173E-9	0.00000E+0	0.00000E+0	2.00080E+0	0.00000E+0
6.10110E+0	-8.17686E-3	1.63270E-3	-2.94448E-5	2.18429E-3	-9.51466E-7	3.84173E-9	0.00000E+0	0.00000E+0	2.00020E+0	0.00000E+0
6.08390E+0	-8.13967E-3	1.62602E-3	-2.98024E-5	2.18429E-3	-9.51291E-7	3.95815E-9	0.00000E+0	0.00000E+0	1.99790E+0	0.00000E+0
6.06680E+0	-8.09771E-3	1.61744E-3	-3.07562E-5	2.18429E-3	-9.51175E-7	3.95815E-9	0.00000E+0	0.00000E+0	1.99880E+0	0.00000E+0
6.04960E+0	-8.05861E-3	1.60981E-3	-3.14715E-5	2.18429E-3	-9.51059E-7	4.01636E-9	0.00000E+0	0.00000E+0	1.99980E+0	0.00000E+0
6.03250E+0	-8.03095E-3	1.60504E-3	-3.19483E-5	2.18429E-3	-9.50942E-7	4.01636E-9	0.00000E+0	0.00000E+0	1.99990E+0	0.00000E+0
6.01530E+0	-7.98422E-3	1.59646E-3	-3.27828E-5	2.18429E-3	-9.50826E-7	4.07456E-9	0.00000E+0	0.00000E+0	2.00040E+0	0.00000E+0
5.99810E+0	-7.92032E-3	1.58311E-3	-3.37365E-5	2.18429E-3	-9.50826E-7	4.13277E-9	0.00000E+0	0.00000E+0	1.99720E+0	0.00000E+0
5.98100E+0	-7.86978E-3	1.57262E-3	-3.43325E-5	2.18429E-3	-9.50768E-7	4.19098E-9	0.00000E+0	0.00000E+0	1.99740E+0	0.00000E+0
5.96380E+0	-7.81828E-3	1.56308E-3	-3.50478E-5	2.18429E-3	-9.50709E-7	4.19098E-9	0.00000E+0	0.00000E+0	1.99800E+0	0.00000E+0
5.94670E+0	-7.76485E-3	1.55164E-3	-3.57630E-5	2.18429E-3	-9.50709E-7	4.24919E-9	0.00000E+0	0.00000E+0	2.00010E+0	0.00000E+0
5.92980E+0	-7.70572E-3	1.54019E-3	-3.64783E-5	2.18429E-3	-9.50651E-7	4.24919E-9	0.00000E+0	0.00000E+0	1.99910E+0	0.00000E+0
5.91260E+0	-7.65708E-3	1.53065E-3	-3.73127E-5	2.18429E-3	-9.50593E-7	4.24919E-9	0.00000E+0	0.00000E+0	1.99870E+0	0.00000E+0
5.89550E+0	-7.60844E-3	1.52112E-3	-3.79088E-5	2.18429E-3	-9.50651E-7	4.30740E-9	0.00000E+0	0.00000E+0	1.99560E+0	0.00000E+0
5.87830E+0	-7.55027E-3	1.50967E-3	-3.87433E-5	2.18429E-3	-9.50709E-7	4.36560E-9	0.00000E+0	0.00000E+0	2.00060E+0	0.00000E+0
5.86110E+0	-7.47111E-3	1.49442E-3	-3.94585E-5	2.18429E-3	-9.50768E-7	4.36560E-9	0.00000E+0	0.00000E+0	2.00010E+0	0.00000E+0
5.84400E+0	-7.39291E-3	1.47820E-3	-4.01738E-5	2.18429E-3	-9.50884E-7	4.36560E-9	0.00000E+0	0.00000E+0	1.99850E+0	0.00000E+0
5.82680E+0	-7.32711E-3	1.46485E-3	-4.07698E-5	2.18429E-3	-9.51000E-7	4.36560E-9	0.00000E+0	0.00000E+0	1.99790E+0	0.00000E+0
5.80970E+0	-7.26035E-3	1.45055E-3	-4.13659E-5	2.18429E-3	-9.51175E-7	4.36560E-9	0.00000E+0	0.00000E+0	2.00050E+0	0.00000E+0
5.79250E+0	-7.16403E-3	1.43147E-3	-4.14851E-5	2.18429E-3	-9.51466E-7	4.36560E-9	0.00000E+0	0.00000E+0	1.99820E+0	0.00000E+0
5.77540E+0	-7.07915E-3	1.41431E-3	-4.22003E-5	2.18429E-3	-9.51641E-7	4.36560E-9	0.00000E+0	0.00000E+0	1.99870E+0	0.00000E+0
5.75820E+0	-7.01621E-3	1.40191E-3	-4.23195E-5	2.18429E-3	-9.51874E-7	4.30740E-9	0.00000E+0	0.00000E+0	1.99960E+0	0.00000E+0
5.74110E+0	-6.94373E-3	1.38760E-3	-4.24387E-5	2.18429E-3	-9.52165E-7	4.24919E-9	0.00000E+0	0.00000E+0	1.99950E+0	0.00000E+0
5.72390E+0	-6.86839E-3	1.37234E-3	-4.27964E-5	2.18429E-3	-9.52514E-7	4.24919E-9	0.00000E+0	0.00000E+0	1.99810E+0	0.00000E+0
5.70680E+0	-6.79591E-3	1.35709E-3	-4.26772E-5	2.18429E-3	-9.52921E-7	4.19098E-9	0.00000E+0	0.00000E+0	1.99750E+0	0.00000E+0
5.68960E+0	-6.71294E-3	1.33992E-3	-4.24387E-5	2.18429E-3	-9.53503E-7	4.13277E-9	0.00000E+0	0.00000E+0	1.99850E+0	0.00000E+0
5.67250E+0	-6.63570E-3	1.32371E-3	-4.18427E-5	2.18429E-3	-9.54031E-7	4.01636E-9	0.00000E+0	0.00000E+0	1.99920E+0	0.00000E+0
5.65530E+0	-6.57752E-3	1.31226E-3	-4.10082E-5	2.18429E-3	-9.54496E-7	3.95815E-9	0.00000E+0	0.00000E+0	2.00030E+0	0.00000E+0
5.63820E+0	-6.52030E-3	1.29987E-3	-4.02930E-5	2.18429E-3	-9.55137E-7	3.84173E-9	0.00000E+0	0.00000E+0	1.99850E+0	0.00000E+0
5.62100E+0	-6.46785E-3	1.28842E-3	-3.89817E-5	2.18429E-3	-9.55777E-7	3.72532E-9	0.00000E+0	0.00000E+0	2.00000E+0	0.00000E+0
5.60380E+0	-6.41444E-3	1.27698E-3	-3.79088E-5	2.18429E-3	-9.56592E-7	3.55068E-9	0.00000E+0	0.00000E+0	1.99790E+0	0.00000E+0
5.58670E+0	-6.36581E-3	1.26649E-3	-3.57630E-5	2.18429E-3	-9.57465E-7	3.37606E-9	0.00000E+0	0.00000E+0	2.00060E+0	0.00000E+0
5.56950E+0	-6.32098E-3	1.25600E-3	-3.38557E-5	2.18429E-3	-9.58455E-7	3.14323E-9	0.00000E+0	0.00000E+0	2.00130E+0	0.00000E+0
5.55240E+0	-6.28474E-3	1.24741E-3	-3.13523E-5	2.18429E-3	-9.59444E-7	2.91040E-9	0.00000E+0	0.00000E+0	2.00030E+0	0.00000E+0
5.53520E+0	-6.25709E-3	1.24074E-3	-2.84911E-5	2.18429E-3	-9.60317E-7	2.67757E-9	0.00000E+0	0.00000E+0	1.99620E+0	0.00000E+0
5.51810E+0	-6.23706E-3	1.23502E-3	-2.61070E-5	2.18429E-3	-9.61132E-7	2.50294E-9	0.00000E+0	0.00000E+0	1.99760E+0	0.00000E+0
5.50090E+0	-6.22371E-3	1.23120E-3	-2.37228E-5	2.18429E-3	-9.61714E-7	2.32832E-9	0.00000E+0	0.00000E+0	1.99800E+0	0.00000E+0
5.48380E+0	-6.21513E-3	1.22834E-3	-2.19346E-5	2.18429E-3	-9.62413E-7	2.15370E-9	0.00000E+0	0.00000E+0	1.99700E+0	0.00000E+0
5.46660E+0	-6.20654E-3	1.22548E-3	-1.99081E-5	2.18429E-3	-9.63402E-7	1.86266E-9	0.00000E+0	0.00000E+0	2.00110E+0	0.00000E+0
5.44950E+0	-6.20177E-3	1.22262E-3	-1.70470E-5	2.18429E-3	-9.64334E-7	1.51341E-9	0.00000E+0	0.00000E+0	2.00070E+0	0.00000E+0
5.43230E+0	-6.20177E-3	1.22071E-3	-1.43052E-5	2.18429E-3	-9.65207E-7	1.22237E-9	0.00000E+0	0.00000E+0	1.99890E+0	0.00000E+0
5.41520E+0	-6.20463E-3	1.21976E-3	-1.16826E-5	2.18429E-3	-9.65963E-7	9.31330E-10	0.00000E+0	0.00000E+0	2.00150E+0	0.00000E+0
5.39800E+0	-6.20940E-3	1.21976E-3	-9.41759E-6	2.18429E-3	-9.66778E-7	6.98495E-10	0.00000E+0	0.00000E+0	2.00100E+0	0.00000E+0
5.38090E+0	-6.21513E-3	1.21976E-3	-7.51021E-6	2.18429E-3	-9.67419E-7	4.65665E-10	0.00000E+0	0.00000E+0	2.00060E+0	0.00000E+0
5.36370E+0	-6.22180E-3	1.21976E-3	-6.07970E-6	2.18429E-3	-9.68059E-7	2.32832E-10	0.00000E+0	0.00000E+0	1.99610E+0	0.00000E+0
5.34650E+0	-6.22752E-3	1.21976E-3	-4.76840E-6	2.03015E-3	-9.68641E-7	0.00000E+0	0.00000E+0	0.00000E+0	1.99910E+0	0.00000E+0
5.32940E+0	-6.23325E-3	1.21976E-3	-3.45708E-6	1.76490E-3	-9.69107E-7	-1.74624E-10	0.00000E+0	0.00000E+0	2.00030E+0	0.00000E+0
5.31220E+0	-6.23897E-3	1.21976E-3	-1.54973E-6	1.50550E-3	-9.69630E-7	-4.07455E-10	0.00000E+0	0.00000E+0	1.99960E+0	0.00000E+0
5.29510E+0	-6.24374E-3	1.21976E-3	8.34469E-7	1.26816E-3	-9.70038E-7	-5.82080E-10	0.00000E+0	0.00000E+0	1.99810E+0	0.00000E+0
5.27790E+0	-6.24755E-3	1.21976E-3	3.33787E-6	1.04881E-3	-9.70504E-7	-7.56703E-10	0.00000E+0	0.00000E+0	2.00140E+0	0.00000E+0
5.26080E+0	-6.25041E-3	1.21976E-3	4.29156E-6	8.63437E-4	-9.70795E-7	-8.73118E-10	0.00000E+0	0.00000E+0	1.99870E+0	0.00000E+0
5.24360E+0	-6.25327E-3	1.21976E-3	3.09946E-6	7.12160E-4	-9.71086E-7	-9.89537E-10	0.00000E+0	0.00000E+0	1.99790E+0	0.00000E+0
5.22650E+0	-6.25518E-3	1.21976E-3	1.07289E-6	5.77930E-4	-9.71377E-7	-1.04775E-9	0.00000E+0	0.00000E+0	1.99720E+0	0.00000E+0
5.20930E+0	-6.25709E-3	1.21976E-3	-2.38420E-7	4.59792E-4	-9.71610E-7	-1.16416E-9	0.00000E+0	0.00000E+0	1.99580E+0	0.00000E+0
5.19220E+0	-6.25899E-3	1.21976E-3	-9.53682E-7	3.62040E-4	-9.71784E-7	-1.22237E-9	0.00000E+0	0.00000E+0	1.99760E+0	0.00000E+0
5.17500E+0	-6.25995E-3	1.21976E-3	-1.43052E-6	2.89800E-4	-9.71901E-7	-1.28058E-9	0.00000E+0	0.00000E+0	1.99690E+0	0.00000E+0
5.15790E+0	-6.26090E-3	1.21976E-3	-1.66894E-6	2.35201E-4	-9.72017E-7	-1.33878E-9	0.00000E+0	0.00000E+0	1.99800E+0	0.00000E+0
5.14070E+0	-6.26186E-3	1.21976E-3	-2.02657E-6	1.87398E-4	-9.72133E-7	-1.33878E-9	0.00000E+0	0.00000E+0	1.99810E+0	0.00000E+0
5.12350E+0	-6.26186E-3	1.21976E-3	-2.14578E-6	1.45675E-4	-9.72250E-7	-1.39699E-9	0.00000E+0	0.00000E+0	1.99860E+0	0.00000E+0
5.10640E+0	-6.26281E-3	1.21976E-3	-2.26499E-6	1.09315E-4	-9.72366E-7	-1.45520E-9	0.00000E+0	0.00000E+0	1.99850E+0	0.00000E+0
5.08920E+0	-6.26281E-3	1.21976E-3	-2.02657E-6	8.02283E-5	-9.72424E-7	-1.45520E-9	0.00000E+0	0.00000E+0	1.99630E+0	0.00000E+0
5.07210E+0	-6.26376E-3	1.21976E-3	-2.02657E-6	5.69823E-5	-9.72541E-7	-1.51341E-9	0.00000E+0	0.00000E+0	1.99840E+0	0.00000E+0
5.05490E+0	-6.26376E-3	1.21976E-3	-2.02657E-6	3.94585E-5	-9.72599E-7	-1.51341E-9	0.00000E+0	0.00000E+0	1.99740E+0	0.00000E+0
5.03780E+0	-6.26376E-3	1.21976E-3	-1.66894E-6	2.55109E-5	-9.72657E-7	-1.51341E-9	0.00000E+0	0.00000E+0	1.99890E+0	0.00000E+0
5.02060E+0	-6.26376E-3	1.22071E-3	-9.53682E-7	1.53781E-5	-9.72715E-7	-1.51341E-9	0.00000E+0	0.00000E+0	1.99640E+0	0.00000E+0
5.00350E+0	-6.26472E-3	1.22071E-3	-2.38420E-7	8.22550E-6	-9.72774E-7	-1.57161E-9	0.00000E+0	0.00000E+0	1.99930E+0	0.00000E+0
4.98630E+0	-6.26472E-3	1.22071E-3	1.19210E-7	4.05314E-6	-9.72832E-7	-1.57161E-9	0.00000E+0	0.00000E+0	1.99840E+0	0.00000E+0
4.96920E+0	-6.26472E-3	1.22071E-3	2.38420E-7	1.78815E-6	-9.72890E-7	-1.57161E-9	0.00000E+0	0.00000E+0	2.00140E+0	0.00000E+0
4.95200E+0	-6.26472E-3	1.22166E-3	3.57630E-7	3.57630E-7	-9.72948E-7	-1.57161E-9	0.00000E+0	0.00000E+0	2.00330E+0	0.00000E+0
4.93490E+0	-6.26567E-3	1.22166E-3	3.57630E-7	-3.57630E-7	-9.73007E-7	-1.57161E-9	0.00000E+0	0.00000E+0	1.99900E+0	0.00000E+0
4.91770E+0	-6.26567E-3	1.22166E-3	3.57630E-7	-8.34469E-7	-9.73007E-7	-1.62982E-9	0.00000E+0	0.00000E+0	1.99800E+0	0.00000E+0
4.90060E+0	-6.26567E-3	1.22166E-3	3.57630E-7	-9.53682E-7	-9.73065E-7	-1.62982E-9	0.00000E+0	0.00000E+0	1.99990E+0	0.00000E+0
4.88340E+0	-6.26567E-3	1.22166E-3	3.57630E-7	-1.07289E-6	-9.73123E-7	-1.62982E-9	0.00000E+0	0.00000E+0	1.99600E+0	0.00000E+0
4.86620E+0	-6.26567E-3	1.22166E-3	3.57630E-7	-1.19210E-6	-9.73123E-7	-1.68803E-9	0.00000E+0	0.00000E+0	1.99780E+0	0.00000E+0
4.84910E+0	-6.26567E-3	1.22166E-3	3.57630E-7	-1.19210E-6	-9.73123E-7	-1.68803E-9	0.00000E+0	0.00000E+0	2.00050E+0	0.00000E+0
4.83190E+0	-6.26567E-3	1.22166E-3	3.57630E-7	-1.19210E-6	-9.73181E-7	-1.68803E-9	0.00000E+0	0.00000E+0	2.00150E+0	0.00000E+0
4.81480E+0	-6.26567E-3	1.22166E-3	3.57630E-7	-1.19210E-6	-9.73181E-7	-1.68803E-9	0.00000E+0	0.00000E+0	1.99820E+0	0.00000E+0
4.79760E+0	-6.26567E-3	1.22166E-3	3.57630E-7	-1.07289E-6	-9.73181E-7	-1.68803E-9	0.00000E+0	0.00000E+0	1.99950E+0	0.00000E+0
4.78050E+0	-6.26567E-3	1.22166E-3	3.57630E-7	-9.53682E-7	-9.73181E-7	-1.68803E-9	0.00000E+0	0.00000E+0	2.00040E+0	0.00000E+0
4.76330E+0	-6.26567E-3	1.22166E-3	3.57630E-7	-7.15259E-7	-9.73123E-7	-1.68803E-9	0.00000E+0	0.00000E+0	1.99780E+0	0.00000E+0
4.74620E+0	-6.26567E-3	1.22166E-3	3.57630E-7	-3.57630E-7	-9.73065E-7	-1.68803E-9	0.00000E+0	0.00000E+0	1.99780E+0	0.00000E+0
4.72900E+0	-6.26567E-3	1.22166E-3	3.57630E-7	1.19210E-7	-9.73065E-7	-1.68803E-9	0.00000E+0	0.00000E+0	1.99930E+0	0.00000E+0
4.71190E+0	-6.26472E-3	1.22166E-3	3.57630E-7	7.15259E-7	-9.72948E-7	-1.68803E-9	0.00000E+0	0.00000E+0	1.99770E+0	0.00000E+0
4.69470E+0	-6.26376E-3	1.22166E-3	3.57630E-7	1.78815E-6	-9.72890E-7	-1.68803E-9	0.00000E+0	0.00000E+0	1.99850E+0	0.00000E+0
4.67760E+0	-6.26376E-3	1.22071E-3	4.76841E-7	3.45708E-6	-9.72774E-7	-1.68803E-9	0.00000E+0	0.00000E+0	1.99700E+0	0.00000E+0
4.66040E+0	-6.26376E-3	1.22166E-3	3.57630E-7	5.72208E-6	-9.72657E-7	-1.68803E-9	0.00000E+0	0.00000E+0	2.00110E+0	0.00000E+0
4.64330E+0	-6.26186E-3	1.22071E-3	4.76841E-7	8.82155E-6	-9.72599E-7	-1.62982E-9	0.00000E+0	0.00000E+0	1.99990E+0	0.00000E+0
4.62610E+0	-6.26186E-3	1.21976E-3	5.96050E-7	1.32323E-5	-9.72424E-7	-1.62982E-9	0.00000E+0	0.00000E+0	1.99550E+0	0.00000E+0
4.60890E+0	-6.25899E-3	1.21976E-3	5.96050E-7	1.95504E-5	-9.72308E-7	-1.62982E-9	0.00000E+0	0.00000E+0	1.99690E+0	0.00000E+0
4.59180E+0	-6.25709E-3	1.21976E-3	5.96050E-7	2.86103E-5	-9.72133E-7	-1.57161E-9	0.00000E+0	0.00000E+0	1.99890E+0	0.00000E+0
4.57460E+0	-6.25518E-3	1.21976E-3	7.15259E-7	3.93393E-5	-9.71959E-7	-1.57161E-9	0.00000E+0	0.00000E+0	2.00200E+0	0.00000E+0
4.55750E+0	-6.25232E-3	1.21785E-3	7.15259E-7	5.35252E-5	-9.71842E-7	-1.57161E-9	0.00000E+0	0.00000E+0	1.99960E+0	0.00000E+0
4.54030E+0	-6.24850E-3	1.21785E-3	8.34469E-7	7.34334E-5	-9.71610E-7	-1.51341E-9	0.00000E+0	0.00000E+0	2.00030E+0	0.00000E+0
4.52320E+0	-6.24374E-3	1.21690E-3	9.53682E-7	9.73945E-5	-9.71435E-7	-1.51341E-9	0.00000E+0	0.00000E+0	1.99680E+0	0.00000E+0
4.50600E+0	-6.23706E-3	1.21499E-3	1.07289E-6	1.24813E-4	-9.71202E-7	-1.45520E-9	0.00000E+0	0.00000E+0	1.99740E+0	0.00000E+0
4.48890E+0	-6.23038E-3	1.21403E-3	1.19210E-6	1.59026E-4	-9.70969E-7	-1.45520E-9	0.00000E+0	0.00000E+0	1.99670E+0	0.00000E+0
4.47170E+0	-6.22180E-3	1.21213E-3	1.31131E-6	1.98008E-4	-9.70736E-7	-1.39699E-9	0.00000E+0	0.00000E+0	1.99930E+0	0.00000E+0
4.45460E+0	-6.21226E-3	1.21117E-3	1.31131E-6	2.44619E-4	-9.70504E-7	-1.33878E-9	0.00000E+0	0.00000E+0	1.99920E+0	0.00000E+0
4.43740E+0	-6.19987E-3	1.20831E-3	1.43052E-6	2.99694E-4	-9.70271E-7	-1.28058E-9	0.00000E+0	0.00000E+0	2.00020E+0	0.00000E+0
4.42030E+0	-6.18556E-3	1.20641E-3	1.54973E-6	3.62637E-4	-9.70038E-7	-1.22237E-9	0.00000E+0	0.00000E+0	1.99820E+0	0.00000E+0
4.40310E+0	-6.17030E-3	1.20354E-3	1.78815E-6	4.32016E-4	-9.69747E-7	-1.22237E-9	0.00000E+0	0.00000E+0	1.99770E+0	0.00000E+0
4.38600E+0	-6.15314E-3	1.19973E-3	1.78815E-6	5.08551E-4	-9.69398E-7	-1.10595E-9	0.00000E+0	0.00000E+0	2.00050E+0	0.00000E+0
4.36880E+0	-6.13406E-3	1.19687E-3	1.90736E-6	5.86871E-4	-9.69107E-7	-1.04775E-9	0.00000E+0	0.00000E+0	1.99920E+0	0.00000E+0
4.35160E+0	-6.11404E-3	1.19305E-3	2.02657E-6	6.69245E-4	-9.68874E-7	-9.89537E-10	0.00000E+0	0.00000E+0	1.99950E+0	0.00000E+0
4.33450E+0	-6.09306E-3	1.18924E-3	1.90736E-6	7.51499E-4	-9.68525E-7	-9.31330E-10	0.00000E+0	0.00000E+0	1.99840E+0	0.00000E+0
4.31730E+0	-6.07207E-3	1.18542E-3	2.02657E-6	8.38283E-4	-9.68234E-7	-8.14911E-10	0.00000E+0	0.00000E+0	1.99820E+0	0.00000E+0
4.30020E+0	-6.04823E-3	1.18161E-3	2.02657E-6	9.32816E-4	-9.67942E-7	-7.56703E-10	0.00000E+0	0.00000E+0	1.99870E+0	0.00000E+0
4.28300E+0	-6.02153E-3	1.17684E-3	2.02657E-6	1.03772E-3	-9.67593E-7	-6.40288E-10	0.00000E+0	0.00000E+0	2.00030E+0	0.00000E+0
4.26590E+0	-5.99101E-3	1.17112E-3	1.90736E-6	1.15085E-3	-9.67244E-7	-5.82080E-10	0.00000E+0	0.00000E+0	1.99820E+0	0.00000E+0
4.24870E+0	-5.96240E-3	1.16635E-3	1.66894E-6	1.25397E-3	-9.66895E-7	-4.65665E-10	0.00000E+0	0.00000E+0	2.00090E+0	0.00000E+0
4.23160E+0	-5.93570E-3	1.16158E-3	1.54973E-6	1.35208E-3	-9.66545E-7	-4.07455E-10	0.00000E+0	0.00000E+0	1.99560E+0	0.00000E+0
4.21440E+0	-5.90232E-3	1.15586E-3	1.43052E-6	1.47939E-3	-9.66138E-7	-2.91040E-10	0.00000E+0	0.00000E+0	1.99800E+0	0.00000E+0
4.19730E+0	-5.86322E-3	1.14728E-3	1.07289E-6	1.61780E-3	-9.65731E-7	-1.16416E-10	0.00000E+0	0.00000E+0	1.99840E+0	0.00000E+0
4.18010E+0	-5.82412E-3	1.13965E-3	7.15259E-7	1.74702E-3	-9.65323E-7	0.00000E+0	0.00000E+0	0.00000E+0	1.99840E+0	0.00000E+0
4.16300E+0	-5.78788E-3	1.13393E-3	3.57630E-7	1.87457E-3	-9.64916E-7	1.16416E-10	0.00000E+0	0.00000E+0	1.99940E+0	0.00000E+0
4.14580E+0	-5.74973E-3	1.12725E-3	-2.38420E-7	1.99153E-3	-9.64566E-7	2.32832E-10	0.00000E+0	0.00000E+0	1.99850E+0	0.00000E+0
4.12860E+0	-5.71063E-3	1.11962E-3	-7.15259E-7	2.11157E-3	-9.64159E-7	3.49248E-10	0.00000E+0	0.00000E+0	1.99910E+0	0.00000E+0
4.11150E+0	-5.67439E-3	1.11295E-3	-1.31131E-6	2.18429E-3	-9.63810E-7	4.65665E-10	0.00000E+0	0.00000E+0	2.00050E+0	0.00000E+0
4.09430E+0	-5.63052E-3	1.10436E-3	-1.90736E-6	2.18429E-3	-9.63460E-7	5.82080E-10	0.00000E+0	0.00000E+0	1.99820E+0	0.00000E+0
4.07720E+0	-5.59047E-3	1.09673E-3	-2.62262E-6	2.18429E-3	-9.63111E-7	6.98495E-10	0.00000E+0	0.00000E+0	1.99780E+0	0.00000E+0
4.06000E+0	-5.54660E-3	1.08815E-3	-3.21867E-6	2.18429E-3	-9.62762E-7	7.56703E-10	0.00000E+0	0.00000E+0	2.00060E+0	0.00000E+0
4.04290E+0	-5.50368E-3	1.08052E-3	-4.05314E-6	2.18429E-3	-9.62471E-7	8.73118E-10	0.00000E+0	0.00000E+0	1.99950E+0	0.00000E+0
4.02570E+0	-5.46458E-3	1.07384E-3	-4.76840E-6	2.18429E-3	-9.62238E-7	9.89537E-10	0.00000E+0	0.00000E+0	1.99660E+0	0.00000E+0
4.00860E+0	-5.41976E-3	1.06431E-3	-5.36445E-6	2.18429E-3	-9.61947E-7	1.04775E-9	0.00000E+0	0.00000E+0	1.99600E+0	0.00000E+0
3.99140E+0	-5.36826E-3	1.05477E-3	-6.31812E-6	2.18429E-3	-9.61714E-7	1.16416E-9	0.00000E+0	0.00000E+0	1.99810E+0	0.00000E+0
3.97430E+0	-5.33393E-3	1.04810E-3	-7.15259E-6	2.18429E-3	-9.61481E-7	1.22237E-9	0.00000E+0	0.00000E+0	1.99790E+0	0.00000E+0
3.95710E+0	-5.28625E-3	1.03856E-3	-7.86787E-6	2.18429E-3	-9.61249E-7	1.33878E-9	0.00000E+0	0.00000E+0	2.00010E+0	0.00000E+0
3.94000E+0	-5.23761E-3	1.02902E-3	-8.70234E-6	2.18429E-3	-9.61074E-7	1.39699E-9	0.00000E+0	0.00000E+0	1.99770E+0	0.00000E+0
3.92280E+0	-5.18325E-3	1.01853E-3	-9.41759E-6	2.18429E-3	-9.60899E-7	1.51341E-9	0.00000E+0	0.00000E+0	1.99640E+0	0.00000E+0
3.90570E+0	-5.12508E-3	1.00709E-3	-1.04905E-5	2.18429E-3	-9.60783E-7	1.57161E-9	0.00000E+0	0.00000E+0	2.00050E+0	0.00000E+0
3.88850E+0	-5.06976E-3	9.96597E-4	-1.12057E-5	2.18429E-3	-9.60725E-7	1.62982E-9	0.00000E+0	0.00000E+0	1.99810E+0	0.00000E+0
3.87130E+0	-5.01159E-3	9.85153E-4	-1.20402E-5	2.18429E-3	-9.60667E-7	1.68803E-9	0.00000E+0	0.00000E+0	1.99940E+0	0.00000E+0
3.85420E+0	-4.95341E-3	9.73705E-4	-1.27555E-5	2.18429E-3	-9.60667E-7	1.74624E-9	0.00000E+0	0.00000E+0	1.99770E+0	0.00000E+0
3.83700E+0	-4.89238E-3	9.62261E-4	-1.33515E-5	2.18429E-3	-9.60783E-7	1.74624E-9	0.00000E+0	0.00000E+0	1.99750E+0	0.00000E+0
3.81990E+0	-4.83325E-3	9.50817E-4	-1.37091E-5	2.18429E-3	-9.60899E-7	1.74624E-9	0.00000E+0	0.00000E+0	1.99740E+0	0.00000E+0
3.80270E+0	-4.77508E-3	9.39373E-4	-1.38283E-5	2.18429E-3	-9.61074E-7	1.74624E-9	0.00000E+0	0.00000E+0	1.99770E+0	0.00000E+0
3.78560E+0	-4.71881E-3	9.27929E-4	-1.40668E-5	2.18429E-3	-9.61365E-7	1.74624E-9	0.00000E+0	0.00000E+0	2.00200E+0	0.00000E+0
3.76840E+0	-4.65301E-3	9.15531E-4	-1.40668E-5	2.18429E-3	-9.61656E-7	1.68803E-9	0.00000E+0	0.00000E+0	2.00150E+0	0.00000E+0
3.75130E+0	-4.59579E-3	9.05041E-4	-1.38283E-5	2.18429E-3	-9.62063E-7	1.68803E-9	0.00000E+0	0.00000E+0	1.99970E+0	0.00000E+0
3.73410E+0	-4.53284E-3	8.92643E-4	-1.35899E-5	2.18429E-3	-9.62587E-7	1.57161E-9	0.00000E+0	0.00000E+0	1.99890E+0	0.00000E+0
3.71700E+0	-4.47848E-3	8.81199E-4	-1.28747E-5	2.18429E-3	-9.63053E-7	1.51341E-9	0.00000E+0	0.00000E+0	1.99770E+0	0.00000E+0
3.69980E+0	-4.42889E-3	8.71662E-4	-1.21594E-5	2.18429E-3	-9.63693E-7	1.39699E-9	0.00000E+0	0.00000E+0	1.99740E+0	0.00000E+0
3.68270E+0	-4.37549E-3	8.61172E-4	-1.12057E-5	2.18429E-3	-9.64392E-7	1.22237E-9	0.00000E+0	0.00000E+0	1.99720E+0	0.00000E+0
3.66550E+0	-4.33066E-3	8.52589E-4	-1.00136E-5	2.18429E-3	-9.65090E-7	1.10595E-9	0.00000E+0	0.00000E+0	1.99650E+0	0.00000E+0
3.64840E+0	-4.28775E-3	8.44959E-4	-8.82155E-6	2.18429E-3	-9.65905E-7	9.31330E-10	0.00000E+0	0.00000E+0	1.99670E+0	0.00000E+0
3.63120E+0	-4.24770E-3	8.36376E-4	-7.27180E-6	2.18429E-3	-9.66778E-7	7.56703E-10	0.00000E+0	0.00000E+0	1.99930E+0	0.00000E+0
3.61400E+0	-4.21432E-3	8.29700E-4	-5.60287E-6	2.18429E-3	-9.67593E-7	5.23873E-10	0.00000E+0	0.00000E+0	1.99920E+0	0.00000E+0
3.59690E+0	-4.18857E-3	8.24932E-4	-4.17235E-6	2.18429E-3	-9.68408E-7	2.91040E-10	0.00000E+0	0.00000E+0	1.99890E+0	0.00000E+0
3.57970E+0	-4.17045E-3	8.21117E-4	-2.74183E-6	2.18429E-3	-9.69165E-7	1.16416E-10	0.00000E+0	0.00000E+0	2.00120E+0	0.00000E+0
3.56260E+0	-4.15900E-3	8.17303E-4	-1.31131E-6	2.18429E-3	-9.69863E-7	-1.16416E-10	0.00000E+0	0.00000E+0	1.99970E+0	0.00000E+0
3.54540E+0	-4.15328E-3	8.16349E-4	-2.38420E-7	2.18429E-3	-9.70562E-7	-2.91040E-10	0.00000E+0	0.00000E+0	1.99980E+0	0.00000E+0
3.52830E+0	-4.15328E-3	8.14442E-4	5.96050E-7	2.18429E-3	-9.71202E-7	-5.23873E-10	0.00000E+0	0.00000E+0	2.00070E+0	0.00000E+0
3.51110E+0	-4.15519E-3	8.14442E-4	1.31131E-6	2.13672E-3	-9.71726E-7	-7.56703E-10	0.00000E+0	0.00000E+0	1.99760E+0	0.00000E+0
3.49400E+0	-4.15996E-3	8.14442E-4	1.78815E-6	1.86635E-3	-9.72308E-7	-9.31330E-10	0.00000E+0	0.00000E+0	1.99710E+0	0.00000E+0
3.47680E+0	-4.16568E-3	8.14442E-4	2.14578E-6	1.59848E-3	-9.72832E-7	-1.10595E-9	0.00000E+0	0.00000E+0	1.99960E+0	0.00000E+0
3.45970E+0	-4.17045E-3	8.14442E-4	2.26499E-6	1.33730E-3	-9.73298E-7	-1.33878E-9	0.00000E+0	0.00000E+0	1.99860E+0	0.00000E+0
3.44250E+0	-4.17617E-3	8.13488E-4	2.26499E-6	1.08708E-3	-9.73763E-7	-1.51341E-9	0.00000E+0	0.00000E+0	1.99850E+0	0.00000E+0
3.42540E+0	-4.17998E-3	8.13488E-4	1.90736E-6	8.50800E-4	-9.74171E-7	-1.68803E-9	0.00000E+0	0.00000E+0	1.99870E+0	0.00000E+0
3.40820E+0	-4.18380E-3	8.12534E-4	1.54973E-6	6.47549E-4	-9.74578E-7	-1.80444E-9	0.00000E+0	0.00000E+0	1.99880E+0	0.00000E+0
3.39100E+0	-4.18666E-3	8.12534E-4	1.19210E-6	4.73144E-4	-9.74869E-7	-1.97907E-9	0.00000E+0	0.00000E+0	2.00080E+0	0.00000E+0
3.37390E+0	-4.18857E-3	8.12534E-4	9.53682E-7	3.31642E-4	-9.75102E-7	-2.03728E-9	0.00000E+0	0.00000E+0	1.99790E+0	0.00000E+0
3.35670E+0	-4.18952E-3	8.11581E-4	7.15259E-7	2.15054E-4	-9.75335E-7	-2.15370E-9	0.00000E+0	0.00000E+0	1.99820E+0	0.00000E+0
3.33960E+0	-4.19047E-3	8.11581E-4	5.96050E-7	1.29105E-4	-9.75393E-7	-2.21191E-9	0.00000E+0	0.00000E+0	1.99770E+0	0.00000E+0
3.32240E+0	-4.19047E-3	8.11581E-4	3.57630E-7	7.34334E-5	-9.75509E-7	-2.21191E-9	0.00000E+0	0.00000E+0	1.99960E+0	0.00000E+0
3.30530E+0	-4.19047E-3	8.10627E-4	2.38420E-7	4.11274E-5	-9.75451E-7	-2.21191E-9	0.00000E+0	0.00000E+0	1.99930E+0	0.00000E+0
3.28810E+0	-4.19047E-3	8.10627E-4	1.19210E-7	2.26499E-5	-9.75393E-7	-2.21191E-9	0.00000E+0	0.00000E+0	2.00010E+0	0.00000E+0
3.27100E+0	-4.19047E-3	8.09673E-4	0.00000E+0	1.32323E-5	-9.75277E-7	-2.21191E-9	0.00000E+0	0.00000E+0	1.99820E+0	0.00000E+0
3.25380E+0	-4.19047E-3	8.09673E-4	0.00000E+0	8.70234E-6	-9.75102E-7	-2.21191E-9	0.00000E+0	0.00000E+0	1.99780E+0	0.00000E+0
3.23670E+0	-4.18952E-3	8.09673E-4	0.00000E+0	6.91417E-6	-9.74927E-7	-2.21191E-9	0.00000E+0	0.00000E+0	2.00060E+0	0.00000E+0
3.21950E+0	-4.18857E-3	8.09673E-4	0.00000E+0	7.15259E-6	-9.74695E-7	-2.15370E-9	0.00000E+0	0.00000E+0	1.99920E+0	0.00000E+0
3.20240E+0	-4.18761E-3	8.09673E-4	0.00000E+0	9.41759E-6	-9.74462E-7	-2.15370E-9	0.00000E+0	0.00000E+0	1.99660E+0	0.00000E+0
3.18520E+0	-4.18571E-3	8.09673E-4	0.00000E+0	1.39475E-5	-9.74171E-7	-2.09549E-9	0.00000E+0	0.00000E+0	1.99800E+0	0.00000E+0
3.16810E+0	-4.18380E-3	8.09673E-4	0.00000E+0	2.25307E-5	-9.73821E-7	-2.03728E-9	0.00000E+0	0.00000E+0	1.99600E+0	0.00000E+0
3.15090E+0	-4.17998E-3	8.09673E-4	0.00000E+0	3.62399E-5	-9.73472E-7	-1.97907E-9	0.00000E+0	0.00000E+0	1.99850E+0	0.00000E+0
3.13370E+0	-4.17522E-3	8.08720E-4	1.19210E-7	5.73399E-5	-9.73123E-7	-1.92087E-9	0.00000E+0	0.00000E+0	1.99820E+0	0.00000E+0
3.11660E+0	-4.16949E-3	8.07766E-4	1.19210E-7	8.71425E-5	-9.72774E-7	-1.86266E-9	0.00000E+0	0.00000E+0	1.99670E+0	0.00000E+0
3.09940E+0	-4.16186E-3	8.06812E-4	1.19210E-7	1.25171E-4	-9.72424E-7	-1.80444E-9	0.00000E+0	0.00000E+0	1.99900E+0	0.00000E+0
3.08230E+0	-4.15137E-3	8.04905E-4	2.38420E-7	1.75358E-4	-9.72075E-7	-1.74624E-9	0.00000E+0	0.00000E+0	1.99930E+0	0.00000E+0
3.06510E+0	-4.13612E-3	8.02997E-4	3.57630E-7	2.39731E-4	-9.71726E-7	-1.68803E-9	0.00000E+0	0.00000E+0	1.99780E+0	0.00000E+0
3.04800E+0	-4.11800E-3	7.99183E-4	4.76841E-7	3.20675E-4	-9.71377E-7	-1.57161E-9	0.00000E+0	0.00000E+0	2.00000E+0	0.00000E+0
3.03080E+0	-4.09511E-3	7.95368E-4	5.96050E-7	4.20334E-4	-9.70969E-7	-1.51341E-9	0.00000E+0	0.00000E+0	2.00050E+0	0.00000E+0
3.01370E+0	-4.06554E-3	7.90600E-4	7.15259E-7	5.49082E-4	-9.70678E-7	-1.45520E-9	0.00000E+0	0.00000E+0	1.99620E+0	0.00000E+0
2.99650E+0	-4.03312E-3	7.83924E-4	8.34469E-7	6.79139E-4	-9.70329E-7	-1.33878E-9	0.00000E+0	0.00000E+0	1.99670E+0	0.00000E+0
2.97940E+0	-3.99879E-3	7.77248E-4	9.53682E-7	8.22786E-4	-9.69980E-7	-1.22237E-9	0.00000E+0	0.00000E+0	2.00010E+0	0.00000E+0
2.96220E+0	-3.95969E-3	7.70573E-4	1.07289E-6	9.82769E-4	-9.69689E-7	-1.10595E-9	0.00000E+0	0.00000E+0	1.99970E+0	0.00000E+0
2.94510E+0	-3.91582E-3	7.62943E-4	1.07289E-6	1.15324E-3	-9.69398E-7	-9.89537E-10	0.00000E+0	0.00000E+0	1.99800E+0	0.00000E+0
2.92790E+0	-3.87003E-3	7.54360E-4	1.07289E-6	1.33336E-3	-9.69107E-7	-8.73118E-10	0.00000E+0	0.00000E+0	1.99970E+0	0.00000E+0
2.91080E+0	-3.82139E-3	7.44823E-4	1.07289E-6	1.51146E-3	-9.68932E-7	-7.56703E-10	0.00000E+0	0.00000E+0	2.00160E+0	0.00000E+0
2.89360E+0	-3.77180E-3	7.36240E-4	1.07289E-6	1.68813E-3	-9.68699E-7	-6.40288E-10	0.00000E+0	0.00000E+0	1.99750E+0	0.00000E+0
2.87640E+0	-3.72125E-3	7.26704E-4	9.53682E-7	1.85657E-3	-9.68583E-7	-5.82080E-10	0.00000E+0	0.00000E+0	2.00070E+0	0.00000E+0
2.85930E+0	-3.67071E-3	7.17167E-4	1.07289E-6	2.02014E-3	-9.68466E-7	-4.65665E-10	0.00000E+0	0.00000E+0	1.99620E+0	0.00000E+0
2.84210E+0	-3.61539E-3	7.06676E-4	9.53682E-7	2.18023E-3	-9.68408E-7	-4.07455E-10	0.00000E+0	0.00000E+0	1.99810E+0	0.00000E+0
2.82500E+0	-3.55913E-3	6.96186E-4	1.07289E-6	2.18429E-3	-9.68466E-7	-3.49248E-10	0.00000E+0	0.00000E+0	2.00100E+0	0.00000E+0
2.80780E+0	-3.50286E-3	6.85696E-4	1.07289E-6	2.18429E-3	-9.68525E-7	-2.91040E-10	0.00000E+0	0.00000E+0	1.99420E+0	0.00000E+0
2.79070E+0	-3.44659E-3	6.75205E-4	1.31131E-6	2.18429E-3	-9.68699E-7	-2.91040E-10	0.00000E+0	0.00000E+0	1.99930E+0	0.00000E+0
2.77350E+0	-3.39128E-3	6.64715E-4	1.43052E-6	2.18429E-3	-9.68932E-7	-2.91040E-10	0.00000E+0	0.00000E+0	1.99760E+0	0.00000E+0
2.75660E+0	-3.33788E-3	6.54224E-4	1.78815E-6	2.18429E-3	-9.69339E-7	-2.91040E-10	0.00000E+0	0.00000E+0	1.99920E+0	0.00000E+0
2.73940E+0	-3.28733E-3	6.43734E-4	2.02657E-6	2.18429E-3	-9.69747E-7	-3.49248E-10	0.00000E+0	0.00000E+0	1.99860E+0	0.00000E+0
2.72230E+0	-3.24060E-3	6.35151E-4	2.26499E-6	2.18429E-3	-9.70329E-7	-4.07455E-10	0.00000E+0	0.00000E+0	1.99710E+0	0.00000E+0
2.70510E+0	-3.20055E-3	6.26568E-4	2.62262E-6	2.18429E-3	-9.70911E-7	-5.23873E-10	0.00000E+0	0.00000E+0	1.99830E+0	0.00000E+0
2.68800E+0	-3.16717E-3	6.18938E-4	3.09946E-6	2.18429E-3	-9.71493E-7	-6.40288E-10	0.00000E+0	0.00000E+0	1.99900E+0	0.00000E+0
2.67080E+0	-3.14333E-3	6.13216E-4	3.21867E-6	2.18429E-3	-9.72017E-7	-8.14911E-10	0.00000E+0	0.00000E+0	1.99710E+0	0.00000E+0
2.65370E+0	-3.12902E-3	6.10355E-4	3.69550E-6	2.18429E-3	-9.72541E-7	-9.31330E-10	0.00000E+0	0.00000E+0	1.99700E+0	0.00000E+0
2.63650E+0	-3.12330E-3	6.08448E-4	3.81473E-6	2.08093E-3	-9.72948E-7	-1.04775E-9	0.00000E+0	0.00000E+0	2.00030E+0	0.00000E+0
2.61940E+0	-3.12425E-3	6.06541E-4	3.69550E-6	1.85884E-3	-9.73356E-7	-1.22237E-9	0.00000E+0	0.00000E+0	2.00020E+0	0.00000E+0
2.60220E+0	-3.12807E-3	6.07494E-4	3.57629E-6	1.60838E-3	-9.73763E-7	-1.39699E-9	0.00000E+0	0.00000E+0	2.00030E+0	0.00000E+0
2.58510E+0	-3.13188E-3	6.06541E-4	3.21867E-6	1.34755E-3	-9.74229E-7	-1.57161E-9	0.00000E+0	0.00000E+0	1.99920E+0	0.00000E+0
2.56790E+0	-3.13665E-3	6.07494E-4	2.86104E-6	1.08732E-3	-9.74636E-7	-1.74624E-9	0.00000E+0	0.00000E+0	1.99820E+0	0.00000E+0
2.55080E+0	-3.14142E-3	6.07494E-4	2.26499E-6	8.24336E-4	-9.75044E-7	-1.92087E-9	0.00000E+0	0.00000E+0	2.00120E+0	0.00000E+0
2.53360E+0	-3.14523E-3	6.07494E-4	1.66894E-6	5.92951E-4	-9.75335E-7	-2.03728E-9	0.00000E+0	0.00000E+0	2.00100E+0	0.00000E+0
2.51650E+0	-3.14714E-3	6.07494E-4	1.19210E-6	4.03287E-4	-9.75568E-7	-2.15370E-9	0.00000E+0	0.00000E+0	1.99720E+0	0.00000E+0
2.49930E+0	-3.14809E-3	6.07494E-4	5.96050E-7	2.52368E-4	-9.75684E-7	-2.21191E-9	0.00000E+0	0.00000E+0	1.99830E+0	0.00000E+0
2.48210E+0	-3.14714E-3	6.07494E-4	2.38420E-7	1.46271E-4	-9.75684E-7	-2.27011E-9	0.00000E+0	0.00000E+0	1.99710E+0	0.00000E+0
2.46500E+0	-3.14619E-3	6.07494E-4	-1.19210E-7	8.21357E-5	-9.75568E-7	-2.27011E-9	0.00000E+0	0.00000E+0	1.99550E+0	0.00000E+0
2.44780E+0	-3.14523E-3	6.07494E-4	-2.38420E-7	5.05450E-5	-9.75393E-7	-2.27011E-9	0.00000E+0	0.00000E+0	1.99710E+0	0.00000E+0
2.43070E+0	-3.14333E-3	6.07494E-4	-3.57630E-7	4.11274E-5	-9.75160E-7	-2.27011E-9	0.00000E+0	0.00000E+0	1.99920E+0	0.00000E+0
2.41350E+0	-3.14142E-3	6.07494E-4	-3.57630E-7	4.57766E-5	-9.74869E-7	-2.21191E-9	0.00000E+0	0.00000E+0	1.99850E+0	0.00000E+0
2.39640E+0	-3.13665E-3	6.06541E-4	-3.57630E-7	6.40159E-5	-9.74578E-7	-2.21191E-9	0.00000E+0	0.00000E+0	1.99740E+0	0.00000E+0
2.37920E+0	-3.12807E-3	6.05587E-4	-2.38420E-7	9.85865E-5	-9.74287E-7	-2.15370E-9	0.00000E+0	0.00000E+0	1.99490E+0	0.00000E+0
2.36210E+0	-3.11567E-3	6.03680E-4	0.00000E+0	1.52946E-4	-9.73996E-7	-2.09549E-9	0.00000E+0	0.00000E+0	1.99890E+0	0.00000E+0
2.34490E+0	-3.09660E-3	5.99865E-4	2.38420E-7	2.34486E-4	-9.73647E-7	-2.03728E-9	0.00000E+0	0.00000E+0	1.99760E+0	0.00000E+0
2.32780E+0	-3.06989E-3	5.95096E-4	4.76841E-7	3.43205E-4	-9.73356E-7	-1.97907E-9	0.00000E+0	0.00000E+0	1.99890E+0	0.00000E+0
2.31060E+0	-3.03651E-3	5.89374E-4	8.34469E-7	4.72547E-4	-9.73065E-7	-1.92087E-9	0.00000E+0	0.00000E+0	1.99880E+0	0.00000E+0
2.29350E+0	-2.99837E-3	5.81745E-4	1.19210E-6	6.27402E-4	-9.72832E-7	-1.80444E-9	0.00000E+0	0.00000E+0	2.00000E+0	0.00000E+0
2.27630E+0	-2.95259E-3	5.73162E-4	1.78815E-6	8.10985E-4	-9.72599E-7	-1.68803E-9	0.00000E+0	0.00000E+0	2.00120E+0	0.00000E+0
2.25910E+0	-2.90014E-3	5.63625E-4	2.14578E-6	1.00864E-3	-9.72424E-7	-1.57161E-9	0.00000E+0	0.00000E+0	1.99810E+0	0.00000E+0
2.24200E+0	-2.84769E-3	5.53135E-4	2.50341E-6	1.20390E-3	-9.72366E-7	-1.51341E-9	0.00000E+0	0.00000E+0	2.00120E+0	0.00000E+0
2.22480E+0	-2.79333E-3	5.42644E-4	2.98025E-6	1.39440E-3	-9.72308E-7	-1.39699E-9	0.00000E+0	0.00000E+0	1.99720E+0	0.00000E+0
2.20770E+0	-2.73801E-3	5.31200E-4	3.21867E-6	1.57333E-3	-9.72366E-7	-1.33878E-9	0.00000E+0	0.00000E+0	1.99540E+0	0.00000E+0
2.19050E+0	-2.68079E-3	5.19756E-4	3.45708E-6	1.72807E-3	-9.72483E-7	-1.28058E-9	0.00000E+0	0.00000E+0	1.99830E+0	0.00000E+0
2.17340E+0	-2.62834E-3	5.10219E-4	3.69550E-6	1.83762E-3	-9.72715E-7	-1.28058E-9	0.00000E+0	0.00000E+0	2.00010E+0	0.00000E+0
2.15620E+0	-2.58256E-3	5.00683E-4	3.81473E-6	1.89710E-3	-9.73007E-7	-1.28058E-9	0.00000E+0	0.00000E+0	1.99900E+0	0.00000E+0
2.13910E+0	-2.54537E-3	4.93053E-4	3.69550E-6	1.90104E-3	-9.73298E-7	-1.28058E-9	0.00000E+0	0.00000E+0	1.99830E+0	0.00000E+0
2.12190E+0	-2.52058E-3	4.88285E-4	3.81473E-6	1.84608E-3	-9.73647E-7	-1.33878E-9	0.00000E+0	0.00000E+0	1.99950E+0	0.00000E+0
2.10480E+0	-2.50913E-3	4.86376E-4	3.69550E-6	1.73522E-3	-9.73996E-7	-1.45520E-9	0.00000E+0	0.00000E+0	1.99920E+0	0.00000E+0
2.08760E+0	-2.50627E-3	4.84468E-4	3.57629E-6	1.57226E-3	-9.74345E-7	-1.51341E-9	0.00000E+0	0.00000E+0	2.00000E+0	0.00000E+0
2.07050E+0	-2.50913E-3	4.85422E-4	3.21867E-6	1.36317E-3	-9.74753E-7	-1.68803E-9	0.00000E+0	0.00000E+0	1.99790E+0	0.00000E+0
2.05330E+0	-2.51390E-3	4.86376E-4	3.09946E-6	1.11783E-3	-9.75160E-7	-1.86266E-9	0.00000E+0	0.00000E+0	1.99880E+0	0.00000E+0
2.03620E+0	-2.51867E-3	4.86376E-4	2.62262E-6	8.55688E-4	-9.75626E-7	-2.03728E-9	0.00000E+0	0.00000E+0	1.99720E+0	0.00000E+0
2.01900E+0	-2.52058E-3	4.86376E-4	2.14578E-6	5.99030E-4	-9.75975E-7	-2.21191E-9	0.00000E+0	0.00000E+0	1.99690E+0	0.00000E+0
2.00180E+0	-2.52153E-3	4.87329E-4	1.54973E-6	3.82544E-4	-9.76150E-7	-2.32832E-9	0.00000E+0	0.00000E+0	1.99660E+0	0.00000E+0
1.98470E+0	-2.52058E-3	4.86376E-4	9.53682E-7	2.28764E-4	-9.76092E-7	-2.38653E-9	0.00000E+0	0.00000E+0	2.00090E+0	0.00000E+0
1.96750E+0	-2.51867E-3	4.86376E-4	4.76841E-7	1.42337E-4	-9.75917E-7	-2.38653E-9	0.00000E+0	0.00000E+0	2.00050E+0	0.00000E+0
1.95040E+0	-2.51390E-3	4.85422E-4	2.38420E-7	1.12892E-4	-9.75568E-7	-2.38653E-9	0.00000E+0	0.00000E+0	1.99510E+0	0.00000E+0
1.93320E+0	-2.50436E-3	4.84468E-4	1.19210E-7	1.29820E-4	-9.75218E-7	-2.32832E-9	0.00000E+0	0.00000E+0	1.99760E+0	0.00000E+0
1.91610E+0	-2.48815E-3	4.80654E-4	1.19210E-7	1.87279E-4	-9.74869E-7	-2.27011E-9	0.00000E+0	0.00000E+0	1.99970E+0	0.00000E+0
1.89890E+0	-2.46336E-3	4.75885E-4	3.57630E-7	2.84435E-4	-9.74578E-7	-2.15370E-9	0.00000E+0	0.00000E+0	1.99930E+0	0.00000E+0
1.88180E+0	-2.42807E-3	4.69210E-4	7.15259E-7	4.21764E-4	-9.74287E-7	-2.03728E-9	0.00000E+0	0.00000E+0	1.99770E+0	0.00000E+0
1.86460E+0	-2.38420E-3	4.60627E-4	9.53682E-7	5.91997E-4	-9.74112E-7	-1.97907E-9	0.00000E+0	0.00000E+0	1.99810E+0	0.00000E+0
1.84750E+0	-2.33556E-3	4.51090E-4	1.43052E-6	7.77010E-4	-9.74054E-7	-1.92087E-9	0.00000E+0	0.00000E+0	1.99800E+0	0.00000E+0
1.83030E+0	-2.28216E-3	4.40599E-4	1.90736E-6	9.73944E-4	-9.74112E-7	-1.80444E-9	0.00000E+0	0.00000E+0	1.99890E+0	0.00000E+0
1.81320E+0	-2.22684E-3	4.30109E-4	2.50341E-6	1.16015E-3	-9.74345E-7	-1.80444E-9	0.00000E+0	0.00000E+0	1.99770E+0	0.00000E+0
1.79600E+0	-2.17535E-3	4.20572E-4	2.98025E-6	1.31179E-3	-9.74636E-7	-1.74624E-9	0.00000E+0	0.00000E+0	1.99890E+0	0.00000E+0
1.77890E+0	-2.13529E-3	4.12943E-4	3.45708E-6	1.40394E-3	-9.74869E-7	-1.74624E-9	0.00000E+0	0.00000E+0	1.99960E+0	0.00000E+0
1.76170E+0	-2.10859E-3	4.08174E-4	3.81473E-6	1.42611E-3	-9.75102E-7	-1.80444E-9	0.00000E+0	0.00000E+0	1.99640E+0	0.00000E+0
1.74450E+0	-2.09810E-3	4.06267E-4	4.17235E-6	1.37449E-3	-9.75277E-7	-1.80444E-9	0.00000E+0	0.00000E+0	1.99800E+0	0.00000E+0
1.72740E+0	-2.09714E-3	4.06267E-4	4.17235E-6	1.27495E-3	-9.75393E-7	-1.86266E-9	0.00000E+0	0.00000E+0	1.99930E+0	0.00000E+0
1.71020E+0	-2.10001E-3	4.07221E-4	3.93394E-6	1.11342E-3	-9.75568E-7	-1.97907E-9	0.00000E+0	0.00000E+0	1.99960E+0	0.00000E+0
1.69310E+0	-2.10287E-3	4.07221E-4	3.57629E-6	8.76669E-4	-9.75859E-7	-2.15370E-9	0.00000E+0	0.00000E+0	1.99780E+0	0.00000E+0
1.67590E+0	-2.10382E-3	4.07221E-4	2.86104E-6	6.17508E-4	-9.75975E-7	-2.27011E-9	0.00000E+0	0.00000E+0	1.99780E+0	0.00000E+0
1.65880E+0	-2.10191E-3	4.06267E-4	1.90736E-6	4.03883E-4	-9.75975E-7	-2.32832E-9	0.00000E+0	0.00000E+0	1.99910E+0	0.00000E+0
1.64160E+0	-2.09810E-3	4.04360E-4	1.07289E-6	2.63693E-4	-9.75801E-7	-2.38653E-9	0.00000E+0	0.00000E+0	2.00010E+0	0.00000E+0
1.62450E+0	-2.08761E-3	4.02452E-4	4.76841E-7	2.17558E-4	-9.75568E-7	-2.32832E-9	0.00000E+0	0.00000E+0	1.99970E+0	0.00000E+0
1.60730E+0	-2.06853E-3	3.98638E-4	2.38420E-7	2.55706E-4	-9.75335E-7	-2.27011E-9	0.00000E+0	0.00000E+0	1.99920E+0	0.00000E+0
1.59020E+0	-2.03706E-3	3.92916E-4	3.57630E-7	3.63709E-4	-9.75277E-7	-2.21191E-9	0.00000E+0	0.00000E+0	1.99920E+0	0.00000E+0
1.57300E+0	-1.99319E-3	3.84333E-4	8.34469E-7	5.28816E-4	-9.75277E-7	-2.21191E-9	0.00000E+0	0.00000E+0	2.00060E+0	0.00000E+0
1.55590E+0	-1.94073E-3	3.73842E-4	1.43052E-6	7.18001E-4	-9.75393E-7	-2.15370E-9	0.00000E+0	0.00000E+0	1.99870E+0	0.00000E+0
1.53870E+0	-1.88924E-3	3.65259E-4	2.26499E-6	9.06829E-4	-9.75626E-7	-2.09549E-9	0.00000E+0	0.00000E+0	1.99950E+0	0.00000E+0
1.52150E+0	-1.84346E-3	3.55722E-4	2.98025E-6	1.05871E-3	-9.75742E-7	-2.03728E-9	0.00000E+0	0.00000E+0	1.99780E+0	0.00000E+0
1.50440E+0	-1.81676E-3	3.50954E-4	3.69550E-6	1.13333E-3	-9.75801E-7	-2.03728E-9	0.00000E+0	0.00000E+0	1.99730E+0	0.00000E+0
1.48720E+0	-1.80722E-3	3.49047E-4	3.81473E-6	1.11485E-3	-9.75742E-7	-2.03728E-9	0.00000E+0	0.00000E+0	1.99880E+0	0.00000E+0
1.47010E+0	-1.80627E-3	3.49047E-4	3.69550E-6	1.01019E-3	-9.75742E-7	-2.03728E-9	0.00000E+0	0.00000E+0	1.99610E+0	0.00000E+0
1.45290E+0	-1.80627E-3	3.49047E-4	3.09946E-6	8.26482E-4	-9.75801E-7	-2.15370E-9	0.00000E+0	0.00000E+0	1.99840E+0	0.00000E+0
1.43580E+0	-1.80436E-3	3.48093E-4	2.38420E-6	6.12620E-4	-9.75917E-7	-2.27011E-9	0.00000E+0	0.00000E+0	1.99840E+0	0.00000E+0
1.41860E+0	-1.79864E-3	3.47139E-4	1.78815E-6	4.29632E-4	-9.75975E-7	-2.32832E-9	0.00000E+0	0.00000E+0	1.99820E+0	0.00000E+0
1.40150E+0	-1.78529E-3	3.44278E-4	1.07289E-6	3.37603E-4	-9.75917E-7	-2.38653E-9	0.00000E+0	0.00000E+0	2.00030E+0	0.00000E+0
1.38430E+0	-1.76049E-3	3.39510E-4	8.34469E-7	3.63113E-4	-9.75859E-7	-2.38653E-9	0.00000E+0	0.00000E+0	1.99930E+0	0.00000E+0
1.36720E+0	-1.72139E-3	3.31881E-4	1.07289E-6	4.81607E-4	-9.75975E-7	-2.32832E-9	0.00000E+0	0.00000E+0	1.99730E+0	0.00000E+0
1.35000E+0	-1.67371E-3	3.23297E-4	1.54973E-6	6.52675E-4	-9.76033E-7	-2.27011E-9	0.00000E+0	0.00000E+0	1.99850E+0	0.00000E+0
1.33290E+0	-1.62888E-3	3.13761E-4	2.26499E-6	8.21475E-4	-9.76092E-7	-2.21191E-9	0.00000E+0	0.00000E+0	1.99910E+0	0.00000E+0
1.31570E+0	-1.60027E-3	3.08992E-4	2.86104E-6	9.34724E-4	-9.76033E-7	-2.15370E-9	0.00000E+0	0.00000E+0	1.99680E+0	0.00000E+0
1.29860E+0	-1.58883E-3	3.07085E-4	3.09946E-6	9.58566E-4	-9.75917E-7	-2.15370E-9	0.00000E+0	0.00000E+0	1.99520E+0	0.00000E+0
1.28140E+0	-1.58501E-3	3.05178E-4	3.09946E-6	8.80245E-4	-9.75917E-7	-2.15370E-9	0.00000E+0	0.00000E+0	1.99550E+0	0.00000E+0
1.26420E+0	-1.58025E-3	3.05178E-4	2.86104E-6	7.21935E-4	-9.75975E-7	-2.21191E-9	0.00000E+0	0.00000E+0	2.00000E+0	0.00000E+0
1.24710E+0	-1.57262E-3	3.03270E-4	2.38420E-6	5.47770E-4	-9.76033E-7	-2.32832E-9	0.00000E+0	0.00000E+0	1.99930E+0	0.00000E+0
1.22990E+0	-1.55545E-3	2.99456E-4	1.78815E-6	4.49302E-4	-9.76092E-7	-2.38653E-9	0.00000E+0	0.00000E+0	2.00060E+0	0.00000E+0
1.21280E+0	-1.52398E-3	2.93734E-4	1.43052E-6	4.78270E-4	-9.76208E-7	-2.38653E-9	0.00000E+0	0.00000E+0	1.99830E+0	0.00000E+0
1.19560E+0	-1.48202E-3	2.85150E-4	1.43052E-6	6.06183E-4	-9.76324E-7	-2.32832E-9	0.00000E+0	0.00000E+0	1.99850E+0	0.00000E+0
1.17850E+0	-1.44292E-3	2.78475E-4	2.02657E-6	7.57340E-4	-9.76266E-7	-2.27011E-9	0.00000E+0	0.00000E+0	1.99980E+0	0.00000E+0
1.16130E+0	-1.42194E-3	2.73706E-4	2.62262E-6	8.47939E-4	-9.76150E-7	-2.21191E-9	0.00000E+0	0.00000E+0	1.99680E+0	0.00000E+0
1.14420E+0	-1.41240E-3	2.71799E-4	3.09946E-6	8.34111E-4	-9.76033E-7	-2.21191E-9	0.00000E+0	0.00000E+0	1.99670E+0	0.00000E+0
1.12700E+0	-1.40477E-3	2.70845E-4	2.86104E-6	7.24200E-4	-9.75975E-7	-2.27011E-9	0.00000E+0	0.00000E+0	1.99930E+0	0.00000E+0
1.10990E+0	-1.39046E-3	2.67984E-4	2.38420E-6	5.85202E-4	-9.76150E-7	-2.32832E-9	0.00000E+0	0.00000E+0	1.99730E+0	0.00000E+0
1.09270E+0	-1.36472E-3	2.63216E-4	1.90736E-6	5.34181E-4	-9.76324E-7	-2.38653E-9	0.00000E+0	0.00000E+0	1.99550E+0	0.00000E+0
1.07560E+0	-1.32848E-3	2.55587E-4	1.78815E-6	6.04752E-4	-9.76499E-7	-2.38653E-9	0.00000E+0	0.00000E+0	1.99970E+0	0.00000E+0
1.05840E+0	-1.29700E-3	2.49865E-4	2.14578E-6	7.21578E-4	-9.76324E-7	-2.27011E-9	0.00000E+0	0.00000E+0	1.99870E+0	0.00000E+0
1.04130E+0	-1.27984E-3	2.47004E-4	2.62262E-6	7.93222E-4	-9.76150E-7	-2.21191E-9	0.00000E+0	0.00000E+0	1.99760E+0	0.00000E+0
1.02410E+0	-1.26744E-3	2.44142E-4	2.86104E-6	7.68546E-4	-9.76033E-7	-2.21191E-9	0.00000E+0	0.00000E+0	1.99580E+0	0.00000E+0
1.00690E+0	-1.25409E-3	2.41281E-4	2.50341E-6	6.72940E-4	-9.76208E-7	-2.27011E-9	0.00000E+0	0.00000E+0	2.00060E+0	0.00000E+0
9.89800E-1	-1.23120E-3	2.36512E-4	2.26499E-6	6.06541E-4	-9.76441E-7	-2.38653E-9	0.00000E+0	0.00000E+0	1.99960E+0	0.00000E+0
9.72600E-1	-1.19878E-3	2.30790E-4	2.14578E-6	6.44211E-4	-9.76441E-7	-2.32832E-9	0.00000E+0	0.00000E+0	1.99930E+0	0.00000E+0
9.55500E-1	-1.17398E-3	2.26022E-4	2.26499E-6	7.30637E-4	-9.76266E-7	-2.27011E-9	0.00000E+0	0.00000E+0	1.99800E+0	0.00000E+0
9.38300E-1	-1.15777E-3	2.23161E-4	2.50341E-6	7.65685E-4	-9.76150E-7	-2.27011E-9	0.00000E+0	0.00000E+0	1.99850E+0	0.00000E+0
9.21200E-1	-1.14251E-3	2.20300E-4	2.62262E-6	7.17524E-4	-9.76208E-7	-2.27011E-9	0.00000E+0	0.00000E+0	1.99670E+0	0.00000E+0
9.04000E-1	-1.11962E-3	2.15531E-4	2.50341E-6	6.59470E-4	-9.76441E-7	-2.32832E-9	0.00000E+0	0.00000E+0	1.99970E+0	0.00000E+0
8.86900E-1	-1.09196E-3	2.09809E-4	2.38420E-6	6.79974E-4	-9.76441E-7	-2.32832E-9	0.00000E+0	0.00000E+0	2.00130E+0	0.00000E+0
8.69700E-1	-1.07003E-3	2.05995E-4	2.50341E-6	7.39578E-4	-9.76266E-7	-2.27011E-9	0.00000E+0	0.00000E+0	1.99920E+0	0.00000E+0
8.52600E-1	-1.05286E-3	2.03134E-4	2.74183E-6	7.42558E-4	-9.76266E-7	-2.27011E-9	0.00000E+0	0.00000E+0	2.00160E+0	0.00000E+0
8.35400E-1	-1.03093E-3	1.98365E-4	2.62262E-6	6.97736E-4	-9.76383E-7	-2.32832E-9	0.00000E+0	0.00000E+0	1.99790E+0	0.00000E+0
8.18300E-1	-1.00613E-3	1.93597E-4	2.50341E-6	6.98809E-4	-9.76383E-7	-2.32832E-9	0.00000E+0	0.00000E+0	1.99870E+0	0.00000E+0
8.01100E-1	-9.84199E-4	1.89782E-4	2.50341E-6	7.38982E-4	-9.76266E-7	-2.27011E-9	0.00000E+0	0.00000E+0	1.99870E+0	0.00000E+0
7.83900E-1	-9.65122E-4	1.85967E-4	2.62262E-6	7.32664E-4	-9.76324E-7	-2.32832E-9	0.00000E+0	0.00000E+0	1.99730E+0	0.00000E+0
7.66800E-1	-9.41280E-4	1.81199E-4	2.62262E-6	7.08226E-4	-9.76441E-7	-2.32832E-9	0.00000E+0	0.00000E+0	1.99840E+0	0.00000E+0
7.49600E-1	-9.19346E-4	1.76431E-4	2.62262E-6	7.29326E-4	-9.76324E-7	-2.27011E-9	0.00000E+0	0.00000E+0	2.00260E+0	0.00000E+0
7.32500E-1	-8.99319E-4	1.72616E-4	2.74183E-6	7.38028E-4	-9.76383E-7	-2.32832E-9	0.00000E+0	0.00000E+0	1.99680E+0	0.00000E+0
7.15300E-1	-8.76430E-4	1.67848E-4	2.62262E-6	7.21697E-4	-9.76441E-7	-2.32832E-9	0.00000E+0	0.00000E+0	1.99760E+0	0.00000E+0
6.98200E-1	-8.55450E-4	1.64033E-4	2.62262E-6	7.35287E-4	-9.76383E-7	-2.32832E-9	0.00000E+0	0.00000E+0	1.99840E+0	0.00000E+0
6.81000E-1	-8.33515E-4	1.60218E-4	2.74183E-6	7.36598E-4	-9.76441E-7	-2.32832E-9	0.00000E+0	0.00000E+0	1.99790E+0	0.00000E+0
6.63900E-1	-8.10627E-4	1.56404E-4	2.74183E-6	7.30995E-4	-9.76441E-7	-2.32832E-9	0.00000E+0	0.00000E+0	2.00040E+0	0.00000E+0
6.46700E-1	-7.89646E-4	1.51635E-4	2.74183E-6	7.39936E-4	-9.76441E-7	-2.32832E-9	0.00000E+0	0.00000E+0	1.99930E+0	0.00000E+0
6.29600E-1	-7.66758E-4	1.47820E-4	2.86104E-6	7.34214E-4	-9.76441E-7	-2.32832E-9	0.00000E+0	0.00000E+0	1.99740E+0	0.00000E+0
6.12400E-1	-7.45777E-4	1.43052E-4	2.86104E-6	7.40055E-4	-9.76441E-7	-2.32832E-9	0.00000E+0	0.00000E+0	1.99760E+0	0.00000E+0
5.95300E-1	-7.23843E-4	1.39237E-4	2.86104E-6	7.37313E-4	-9.76499E-7	-2.32832E-9	0.00000E+0	0.00000E+0	1.99720E+0	0.00000E+0
5.78100E-1	-7.02862E-4	1.34469E-4	2.86104E-6	7.40770E-4	-9.76499E-7	-2.32832E-9	0.00000E+0	0.00000E+0	1.99900E+0	0.00000E+0
5.61000E-1	-6.79974E-4	1.30654E-4	2.86104E-6	7.39221E-4	-9.76499E-7	-2.32832E-9	0.00000E+0	0.00000E+0	1.99710E+0	0.00000E+0
5.43800E-1	-6.58039E-4	1.25886E-4	2.86104E-6	7.40055E-4	-9.76499E-7	-2.32832E-9	0.00000E+0	0.00000E+0	1.99980E+0	0.00000E+0
5.26600E-1	-6.36104E-4	1.22071E-4	2.86104E-6	7.40293E-4	-9.76557E-7	-2.38653E-9	0.00000E+0	0.00000E+0	2.00120E+0	0.00000E+0
5.09500E-1	-6.15124E-4	1.18256E-4	2.86104E-6	7.40651E-4	-9.76557E-7	-2.38653E-9	0.00000E+0	0.00000E+0	1.99710E+0	0.00000E+0
4.92300E-1	-5.93189E-4	1.13488E-4	2.86104E-6	7.41366E-4	-9.76557E-7	-2.38653E-9	0.00000E+0	0.00000E+0	1.99550E+0	0.00000E+0
4.75200E-1	-5.72208E-4	1.09673E-4	2.86104E-6	7.42320E-4	-9.76557E-7	-2.38653E-9	0.00000E+0	0.00000E+0	1.99860E+0	0.00000E+0
4.58000E-1	-5.50274E-4	1.05858E-4	2.98025E-6	7.42916E-4	-9.76557E-7	-2.38653E-9	0.00000E+0	0.00000E+0	1.99950E+0	0.00000E+0
4.40900E-1	-5.28339E-4	1.01090E-4	2.98025E-6	7.43035E-4	-9.76615E-7	-2.38653E-9	0.00000E+0	0.00000E+0	1.99900E+0	0.00000E+0
4.23700E-1	-5.06405E-4	9.72752E-5	2.98025E-6	7.42678E-4	-9.76615E-7	-2.38653E-9	0.00000E+0	0.00000E+0	1.99760E+0	0.00000E+0
4.06600E-1	-4.84468E-4	9.25069E-5	2.98025E-6	7.42201E-4	-9.76674E-7	-2.38653E-9	0.00000E+0	0.00000E+0	1.99820E+0	0.00000E+0
3.89400E-1	-4.63488E-4	8.77385E-5	2.98025E-6	7.42201E-4	-9.76674E-7	-2.38653E-9	0.00000E+0	0.00000E+0	1.99880E+0	0.00000E+0
3.72300E-1	-4.41553E-4	8.39238E-5	2.98025E-6	7.42558E-4	-9.76674E-7	-2.38653E-9	0.00000E+0	0.00000E+0	1.99970E+0	0.00000E+0
3.55100E-1	-4.19619E-4	8.01091E-5	2.98025E-6	7.42320E-4	-9.76674E-7	-2.38653E-9	0.00000E+0	0.00000E+0	1.99960E+0	0.00000E+0
3.38000E-1	-3.97684E-4	7.53407E-5	3.09946E-6	7.41843E-4	-9.76674E-7	-2.38653E-9	0.00000E+0	0.00000E+0	1.99930E+0	0.00000E+0
3.20800E-1	-3.75750E-4	7.15260E-5	2.98025E-6	7.41009E-4	-9.76732E-7	-2.38653E-9	0.00000E+0	0.00000E+0	2.00060E+0	0.00000E+0
3.03700E-1	-3.53815E-4	6.77113E-5	3.09946E-6	7.40651E-4	-9.76732E-7	-2.38653E-9	0.00000E+0	0.00000E+0	2.00080E+0	0.00000E+0
2.86500E-1	-3.32834E-4	6.38966E-5	2.98025E-6	7.40651E-4	-9.76732E-7	-2.38653E-9	0.00000E+0	0.00000E+0	1.99880E+0	0.00000E+0
2.69300E-1	-3.10900E-4	5.91280E-5	3.09946E-6	7.40293E-4	-9.76790E-7	-2.38653E-9	0.00000E+0	0.00000E+0	2.00190E+0	0.00000E+0
2.52200E-1	-2.88012E-4	5.53133E-5	3.09946E-6	7.39459E-4	-9.76790E-7	-2.38653E-9	0.00000E+0	0.00000E+0	1.99890E+0	0.00000E+0
2.35000E-1	-2.66077E-4	5.05450E-5	3.09946E-6	7.38863E-4	-9.76790E-7	-2.38653E-9	0.00000E+0	0.00000E+0	1.99870E+0	0.00000E+0
2.17900E-1	-2.45096E-4	4.57766E-5	3.09946E-6	7.38505E-4	-9.76790E-7	-2.38653E-9	0.00000E+0	0.00000E+0	2.00020E+0	0.00000E+0
2.00700E-1	-2.23161E-4	4.19619E-5	3.09946E-6	7.37790E-4	-9.76848E-7	-2.38653E-9	0.00000E+0	0.00000E+0	1.99900E+0	0.00000E+0
1.83600E-1	-2.01226E-4	3.81472E-5	3.09946E-6	7.37075E-4	-9.76848E-7	-2.44474E-9	0.00000E+0	0.00000E+0	1.99870E+0	0.00000E+0
1.66400E-1	-1.80245E-4	3.33788E-5	3.09946E-6	7.36598E-4	-9.76848E-7	-2.44474E-9	0.00000E+0	0.00000E+0	2.00120E+0	0.00000E+0
1.49300E-1	-1.57357E-4	2.95640E-5	3.09946E-6	7.36479E-4	-9.76906E-7	-2.44474E-9	0.00000E+0	0.00000E+0	2.00090E+0	0.00000E+0
1.32100E-1	-1.35423E-4	2.57493E-5	3.21867E-6	7.35406E-4	-9.76906E-7	-2.44474E-9	0.00000E+0	0.00000E+0	1.99910E+0	0.00000E+0
1.15000E-1	-1.13488E-4	2.19346E-5	3.09946E-6	7.34452E-4	-9.76906E-7	-2.44474E-9	0.00000E+0	0.00000E+0	1.99670E+0	0.00000E+0
9.78000E-2	-9.25069E-5	1.71663E-5	3.21867E-6	7.33498E-4	-9.76906E-7	-2.44474E-9	0.00000E+0	0.00000E+0	1.99630E+0	0.00000E+0
8.07000E-2	-7.05724E-5	1.23978E-5	3.21867E-6	7.32664E-4	-9.76906E-7	-2.44474E-9	0.00000E+0	0.00000E+0	1.99980E+0	0.00000E+0
6.35000E-2	-4.95913E-5	8.58313E-6	3.21867E-6	7.32068E-4	-9.76906E-7	-2.44474E-9	0.00000E+0	0.00000E+0	1.99840E+0	0.00000E+0
4.64000E-2	-2.67030E-5	3.81473E-6	3.21867E-6	7.31114E-4	-9.76906E-7	-2.44474E-9	0.00000E+0	0.00000E+0	1.99930E+0	1.13900E+0
2.92000E-2	-4.76840E-6	0.00000E+0	3.21867E-6	7.31114E-4	-9.76906E-7	-2.44474E-9	0.00000E+0	0.00000E+0	1.99700E+0	1.14050E+0
1.20000E-2	1.71663E-5	-3.81473E-6	3.21867E-6	7.30757E-4	-9.76906E-7	-2.44474E-9	0.00000E+0	0.00000E+0	1.99900E+0	1.13590E+0
-5.10000E-3	3.91009E-5	-8.58313E-6	3.21867E-6	7.30876E-4	-9.76906E-7	-2.44474E-9	0.00000E+0	0.00000E+0	1.99890E+0	1.09500E+0
-2.23000E-2	6.10356E-5	-1.23978E-5	3.09946E-6	7.30995E-4	-9.76906E-7	-2.44474E-9	0.00000E+0	0.00000E+0	1.99780E+0	1.03790E+0
-3.94000E-2	8.29701E-5	-1.71663E-5	3.21867E-6	7.30041E-4	-9.76906E-7	-2.38653E-9	0.00000E+0	0.00000E+0	2.00070E+0	0.00000E+0
-5.66000E-2	1.04905E-4	-2.09810E-5	3.21867E-6	7.29088E-4	-9.76906E-7	-2.38653E-9	0.00000E+0	0.00000E+0	1.99900E+0	0.00000E+0
-7.37000E-2	1.24932E-4	-2.47956E-5	3.21867E-6	7.28253E-4	-9.76848E-7	-2.38653E-9	0.00000E+0	0.00000E+0	1.99990E+0	0.00000E+0
-9.09000E-2	1.29701E-4	-2.57493E-5	3.09946E-6	7.28253E-4	-9.76848E-7	-2.38653E-9	0.00000E+0	0.00000E+0	1.99940E+0	0.00000E+0
-1.00000E-1	1.27793E-4	-2.47956E-5	3.21867E-6	7.28372E-4	-9.76906E-7	-2.38653E-9	0.00000E+0	0.00000E+0	2.00090E+0	0.00000E+0
