B (T)	X1(V)	Y1 (V)	X2(V)	Y2(V)	X3 (V)	Y3 (V)	X4 (V)	Y4 (V)	SensA (V)	SensB (V)
0.00000E+0	8.39238E-5	-1.71663E-5	3.21867E-6	2.74541E-4	-9.78711E-7	-2.91040E-9	0.00000E+0	0.00000E+0	2.00000E+0	0.00000E+0
0.00000E+0	7.43871E-5	-1.52589E-5	1.31131E-6	2.74660E-4	-9.78711E-7	-2.91040E-9	0.00000E+0	0.00000E+0	1.99910E+0	0.00000E+0
-9.61000E-2	5.91280E-5	-1.14442E-5	1.31131E-6	2.75137E-4	-9.78711E-7	-2.91040E-9	0.00000E+0	0.00000E+0	1.99960E+0	1.01510E+0
-7.92000E-2	4.48229E-5	-9.53680E-6	1.31131E-6	2.75375E-4	-9.78769E-7	-2.96860E-9	0.00000E+0	0.00000E+0	2.00010E+0	1.08520E+0
-6.20000E-2	3.05178E-5	-6.67575E-6	1.31131E-6	2.75614E-4	-9.78769E-7	-2.96860E-9	0.00000E+0	0.00000E+0	2.00110E+0	1.12520E+0
-4.49000E-2	1.52589E-5	-3.81473E-6	1.31131E-6	2.75733E-4	-9.78769E-7	-2.96860E-9	0.00000E+0	0.00000E+0	1.99970E+0	1.12730E+0
-2.77000E-2	9.53682E-7	0.00000E+0	1.31131E-6	2.76091E-4	-9.78769E-7	-2.96860E-9	0.00000E+0	0.00000E+0	1.99790E+0	1.14000E+0
-1.06000E-2	-1.33515E-5	1.90736E-6	1.31131E-6	2.76210E-4	-9.78769E-7	-2.96860E-9	0.00000E+0	0.00000E+0	2.00060E+0	1.14640E+0
6.60000E-3	-2.86103E-5	4.76840E-6	1.31131E-6	2.76567E-4	-9.78769E-7	-2.96860E-9	0.00000E+0	0.00000E+0	2.00120E+0	1.13260E+0
2.37000E-2	-4.29156E-5	8.58313E-6	1.31131E-6	2.76806E-4	-9.78769E-7	-2.96860E-9	0.00000E+0	0.00000E+0	1.99870E+0	1.07620E+0
4.09000E-2	-5.81744E-5	1.04905E-5	1.31131E-6	2.77163E-4	-9.78769E-7	-2.96860E-9	0.00000E+0	0.00000E+0	1.99900E+0	0.00000E+0
5.80000E-2	-7.24797E-5	1.33515E-5	1.31131E-6	2.77283E-4	-9.78769E-7	-2.96860E-9	0.00000E+0	0.00000E+0	2.00100E+0	0.00000E+0
7.52000E-2	-8.67848E-5	1.62126E-5	1.31131E-6	2.77283E-4	-9.78711E-7	-2.96860E-9	0.00000E+0	0.00000E+0	2.00020E+0	0.00000E+0
9.23000E-2	-1.01090E-4	1.90736E-5	1.31131E-6	2.77760E-4	-9.78711E-7	-2.96860E-9	0.00000E+0	0.00000E+0	1.99960E+0	0.00000E+0
1.09500E-1	-1.15395E-4	2.19346E-5	1.31131E-6	2.77998E-4	-9.78711E-7	-2.96860E-9	0.00000E+0	0.00000E+0	2.00020E+0	0.00000E+0
1.26700E-1	-1.30654E-4	2.47956E-5	1.19210E-6	2.77521E-4	-9.78711E-7	-2.91040E-9	0.00000E+0	0.00000E+0	1.99960E+0	0.00000E+0
1.43800E-1	-1.44959E-4	2.76567E-5	1.31131E-6	2.77640E-4	-9.78711E-7	-2.91040E-9	0.00000E+0	0.00000E+0	2.00220E+0	0.00000E+0
1.61000E-1	-1.60218E-4	3.05178E-5	1.31131E-6	2.77879E-4	-9.78711E-7	-2.91040E-9	0.00000E+0	0.00000E+0	1.99770E+0	0.00000E+0
1.78100E-1	-1.74523E-4	3.24252E-5	1.19210E-6	2.78356E-4	-9.78653E-7	-2.91040E-9	0.00000E+0	0.00000E+0	1.99900E+0	0.00000E+0
1.95300E-1	-1.88828E-4	3.62399E-5	1.31131E-6	2.78832E-4	-9.78594E-7	-2.91040E-9	0.00000E+0	0.00000E+0	1.99850E+0	0.00000E+0
2.12400E-1	-2.04087E-4	3.91009E-5	1.19210E-6	2.79071E-4	-9.78594E-7	-2.91040E-9	0.00000E+0	0.00000E+0	1.99710E+0	0.00000E+0
2.29600E-1	-2.18392E-4	4.19619E-5	1.31131E-6	2.79309E-4	-9.78594E-7	-2.91040E-9	0.00000E+0	0.00000E+0	2.00210E+0	0.00000E+0
2.46700E-1	-2.32697E-4	4.48229E-5	1.31131E-6	2.79428E-4	-9.78594E-7	-2.91040E-9	0.00000E+0	0.00000E+0	1.99780E+0	0.00000E+0
2.63900E-1	-2.47957E-4	4.76839E-5	1.19210E-6	2.79548E-4	-9.78594E-7	-2.91040E-9	0.00000E+0	0.00000E+0	2.00090E+0	0.00000E+0
2.81000E-1	-2.62262E-4	5.05450E-5	1.31131E-6	2.79548E-4	-9.78536E-7	-2.91040E-9	0.00000E+0	0.00000E+0	2.00260E+0	0.00000E+0
2.98200E-1	-2.76567E-4	5.24523E-5	1.19210E-6	2.78832E-4	-9.78536E-7	-2.91040E-9	0.00000E+0	0.00000E+0	2.00020E+0	0.00000E+0
3.15300E-1	-2.90873E-4	5.53133E-5	1.19210E-6	2.78832E-4	-9.78536E-7	-2.91040E-9	0.00000E+0	0.00000E+0	1.99690E+0	0.00000E+0
3.32500E-1	-3.06131E-4	5.81744E-5	1.19210E-6	2.79071E-4	-9.78536E-7	-2.91040E-9	0.00000E+0	0.00000E+0	1.99610E+0	0.00000E+0
3.49700E-1	-3.20436E-4	6.19893E-5	1.19210E-6	2.78952E-4	-9.78478E-7	-2.91040E-9	0.00000E+0	0.00000E+0	1.99860E+0	0.00000E+0
3.66800E-1	-3.34742E-4	6.38966E-5	1.19210E-6	2.78713E-4	-9.78478E-7	-2.91040E-9	0.00000E+0	0.00000E+0	1.99920E+0	0.00000E+0
3.84000E-1	-3.50000E-4	6.67577E-5	1.19210E-6	2.79071E-4	-9.78478E-7	-2.91040E-9	0.00000E+0	0.00000E+0	1.99720E+0	0.00000E+0
4.01100E-1	-3.64305E-4	6.96187E-5	1.19210E-6	2.78713E-4	-9.78478E-7	-2.85219E-9	0.00000E+0	0.00000E+0	1.99910E+0	0.00000E+0
4.18300E-1	-3.79564E-4	7.24797E-5	1.19210E-6	2.78594E-4	-9.78478E-7	-2.85219E-9	0.00000E+0	0.00000E+0	1.99910E+0	0.00000E+0
4.35400E-1	-3.93869E-4	7.53407E-5	1.19210E-6	2.78356E-4	-9.78420E-7	-2.85219E-9	0.00000E+0	0.00000E+0	2.00110E+0	0.00000E+0
4.52600E-1	-4.08174E-4	7.82018E-5	1.19210E-6	2.78356E-4	-9.78362E-7	-2.85219E-9	0.00000E+0	0.00000E+0	1.99990E+0	0.00000E+0
4.69700E-1	-4.23433E-4	8.10628E-5	1.19210E-6	2.78117E-4	-9.78362E-7	-2.85219E-9	0.00000E+0	0.00000E+0	1.99950E+0	0.00000E+0
4.86900E-1	-4.36785E-4	8.39238E-5	1.19210E-6	2.77640E-4	-9.78362E-7	-2.85219E-9	0.00000E+0	0.00000E+0	2.00020E+0	0.00000E+0
5.04000E-1	-4.52043E-4	8.67848E-5	1.19210E-6	2.76567E-4	-9.78303E-7	-2.85219E-9	0.00000E+0	0.00000E+0	2.00080E+0	0.00000E+0
5.21200E-1	-4.66349E-4	8.96459E-5	1.19210E-6	2.76091E-4	-9.78303E-7	-2.85219E-9	0.00000E+0	0.00000E+0	2.00020E+0	0.00000E+0
5.38300E-1	-4.80654E-4	9.25069E-5	1.19210E-6	2.76925E-4	-9.78303E-7	-2.85219E-9	0.00000E+0	0.00000E+0	1.99960E+0	0.00000E+0
5.55500E-1	-4.94961E-4	9.44142E-5	1.07289E-6	2.75971E-4	-9.78303E-7	-2.85219E-9	0.00000E+0	0.00000E+0	1.99990E+0	0.00000E+0
5.72600E-1	-5.10219E-4	9.72752E-5	1.07289E-6	2.72872E-4	-9.78303E-7	-2.85219E-9	0.00000E+0	0.00000E+0	2.00140E+0	0.00000E+0
5.89800E-1	-5.25478E-4	1.01090E-4	1.07289E-6	2.74660E-4	-9.78245E-7	-2.85219E-9	0.00000E+0	0.00000E+0	1.99890E+0	0.00000E+0
6.07000E-1	-5.40737E-4	1.03951E-4	1.07289E-6	2.76448E-4	-9.78245E-7	-2.85219E-9	0.00000E+0	0.00000E+0	2.00000E+0	0.00000E+0
6.24100E-1	-5.55042E-4	1.05858E-4	1.07289E-6	2.68700E-4	-9.78245E-7	-2.85219E-9	0.00000E+0	0.00000E+0	2.00030E+0	0.00000E+0
6.41300E-1	-5.69347E-4	1.09673E-4	1.07289E-6	2.77998E-4	-9.78245E-7	-2.85219E-9	0.00000E+0	0.00000E+0	1.99750E+0	0.00000E+0
6.58400E-1	-5.83652E-4	1.12534E-4	1.07289E-6	2.64170E-4	-9.78245E-7	-2.85219E-9	0.00000E+0	0.00000E+0	1.99900E+0	0.00000E+0
6.75600E-1	-5.98911E-4	1.14441E-4	1.07289E-6	2.77998E-4	-9.78187E-7	-2.85219E-9	0.00000E+0	0.00000E+0	2.00040E+0	0.00000E+0
6.92700E-1	-6.12263E-4	1.17302E-4	1.07289E-6	2.59640E-4	-9.78187E-7	-2.85219E-9	0.00000E+0	0.00000E+0	2.00150E+0	0.00000E+0
7.09900E-1	-6.29429E-4	1.21117E-4	9.53682E-7	2.80024E-4	-9.78129E-7	-2.79398E-9	0.00000E+0	0.00000E+0	2.00060E+0	0.00000E+0
7.27000E-1	-6.42780E-4	1.23979E-4	1.07289E-6	2.54871E-4	-9.78187E-7	-2.85219E-9	0.00000E+0	0.00000E+0	2.00300E+0	0.00000E+0
7.44200E-1	-6.58039E-4	1.25886E-4	9.53682E-7	2.74302E-4	-9.78071E-7	-2.79398E-9	0.00000E+0	0.00000E+0	1.99960E+0	0.00000E+0
7.61300E-1	-6.71390E-4	1.28747E-4	9.53682E-7	2.65004E-4	-9.78129E-7	-2.79398E-9	0.00000E+0	0.00000E+0	2.00000E+0	0.00000E+0
7.78500E-1	-6.86649E-4	1.31608E-4	9.53682E-7	2.50103E-4	-9.78129E-7	-2.79398E-9	0.00000E+0	0.00000E+0	1.99800E+0	0.00000E+0
7.95600E-1	-7.02862E-4	1.34469E-4	9.53682E-7	2.87058E-4	-9.78071E-7	-2.79398E-9	0.00000E+0	0.00000E+0	1.99820E+0	0.00000E+0
8.12800E-1	-7.13352E-4	1.36376E-4	1.19210E-6	2.46407E-4	-9.78129E-7	-2.85219E-9	0.00000E+0	0.00000E+0	1.99790E+0	0.00000E+0
8.29900E-1	-7.31472E-4	1.40191E-4	9.53682E-7	2.50222E-4	-9.78012E-7	-2.79398E-9	0.00000E+0	0.00000E+0	1.99940E+0	0.00000E+0
8.47100E-1	-7.46731E-4	1.43052E-4	8.34469E-7	2.93614E-4	-9.78012E-7	-2.79398E-9	0.00000E+0	0.00000E+0	2.00040E+0	0.00000E+0
8.64300E-1	-7.56267E-4	1.44959E-4	1.07289E-6	2.43903E-4	-9.78129E-7	-2.85219E-9	0.00000E+0	0.00000E+0	2.00000E+0	0.00000E+0
8.81400E-1	-7.75341E-4	1.48774E-4	8.34469E-7	2.30432E-4	-9.78012E-7	-2.73577E-9	0.00000E+0	0.00000E+0	1.99890E+0	0.00000E+0
8.98600E-1	-7.91553E-4	1.51635E-4	7.15259E-7	2.98502E-4	-9.77954E-7	-2.73577E-9	0.00000E+0	0.00000E+0	2.00050E+0	0.00000E+0
9.15700E-1	-8.00136E-4	1.53542E-4	1.07289E-6	2.70249E-4	-9.78071E-7	-2.79398E-9	0.00000E+0	0.00000E+0	1.99910E+0	0.00000E+0
9.32900E-1	-8.17303E-4	1.56404E-4	9.53682E-7	2.03372E-4	-9.78071E-7	-2.79398E-9	0.00000E+0	0.00000E+0	1.99890E+0	0.00000E+0
9.50000E-1	-8.37330E-4	1.61172E-4	7.15259E-7	2.56779E-4	-9.77838E-7	-2.73577E-9	0.00000E+0	0.00000E+0	2.00060E+0	0.00000E+0
9.67200E-1	-8.46867E-4	1.63079E-4	9.53682E-7	3.18410E-4	-9.77896E-7	-2.73577E-9	0.00000E+0	0.00000E+0	1.99880E+0	0.00000E+0
9.84300E-1	-8.55450E-4	1.64033E-4	1.19210E-6	2.60117E-4	-9.78071E-7	-2.79398E-9	0.00000E+0	0.00000E+0	2.00070E+0	0.00000E+0
1.00150E+0	-8.77384E-4	1.68801E-4	8.34469E-7	1.84179E-4	-9.78012E-7	-2.79398E-9	0.00000E+0	0.00000E+0	1.99990E+0	0.00000E+0
1.01860E+0	-8.97411E-4	1.72616E-4	5.96050E-7	2.46646E-4	-9.77838E-7	-2.73577E-9	0.00000E+0	0.00000E+0	2.00020E+0	0.00000E+0
1.03580E+0	-9.05994E-4	1.74523E-4	8.34469E-7	3.35099E-4	-9.77838E-7	-2.67757E-9	0.00000E+0	0.00000E+0	2.00060E+0	0.00000E+0
1.05290E+0	-9.12670E-4	1.75477E-4	1.19210E-6	3.09827E-4	-9.77954E-7	-2.73577E-9	0.00000E+0	0.00000E+0	2.00370E+0	0.00000E+0
1.07010E+0	-9.29836E-4	1.79292E-4	1.19210E-6	2.06114E-4	-9.78012E-7	-2.79398E-9	0.00000E+0	0.00000E+0	2.00040E+0	0.00000E+0
1.08720E+0	-9.54632E-4	1.83106E-4	7.15259E-7	1.63794E-4	-9.77838E-7	-2.73577E-9	0.00000E+0	0.00000E+0	1.99990E+0	0.00000E+0
1.10440E+0	-9.70844E-4	1.86921E-4	3.57630E-7	2.64646E-4	-9.77721E-7	-2.67757E-9	0.00000E+0	0.00000E+0	1.99930E+0	0.00000E+0
1.12160E+0	-9.76570E-4	1.87875E-4	9.53682E-7	3.61921E-4	-9.77721E-7	-2.67757E-9	0.00000E+0	0.00000E+0	2.00070E+0	0.00000E+0
1.13870E+0	-9.81338E-4	1.88828E-4	1.31131E-6	3.41060E-4	-9.77838E-7	-2.67757E-9	0.00000E+0	0.00000E+0	1.99760E+0	0.00000E+0
1.15590E+0	-9.98504E-4	1.92643E-4	1.19210E-6	2.31863E-4	-9.77838E-7	-2.73577E-9	0.00000E+0	0.00000E+0	1.99880E+0	0.00000E+0
1.17300E+0	-1.02711E-3	1.97412E-4	7.15259E-7	1.38761E-4	-9.77780E-7	-2.73577E-9	0.00000E+0	0.00000E+0	2.00070E+0	0.00000E+0
1.19020E+0	-1.04714E-3	2.01226E-4	2.38420E-7	1.78696E-4	-9.77721E-7	-2.67757E-9	0.00000E+0	0.00000E+0	2.00220E+0	0.00000E+0
1.20730E+0	-1.05572E-3	2.03134E-4	5.96050E-7	3.19840E-4	-9.77663E-7	-2.61936E-9	0.00000E+0	0.00000E+0	1.99920E+0	0.00000E+0
1.22450E+0	-1.05668E-3	2.03134E-4	1.19210E-6	4.05075E-4	-9.77663E-7	-2.61936E-9	0.00000E+0	0.00000E+0	2.00170E+0	0.00000E+0
1.24160E+0	-1.06240E-3	2.04087E-4	1.43052E-6	3.71339E-4	-9.77663E-7	-2.67757E-9	0.00000E+0	0.00000E+0	1.99830E+0	0.00000E+0
1.25880E+0	-1.08529E-3	2.08856E-4	1.19210E-6	2.50818E-4	-9.77605E-7	-2.67757E-9	0.00000E+0	0.00000E+0	1.99900E+0	0.00000E+0
1.27590E+0	-1.11676E-3	2.14578E-4	7.15259E-7	1.35661E-4	-9.77605E-7	-2.73577E-9	0.00000E+0	0.00000E+0	2.00180E+0	0.00000E+0
1.29310E+0	-1.13869E-3	2.18392E-4	2.38420E-7	1.17064E-4	-9.77605E-7	-2.73577E-9	0.00000E+0	0.00000E+0	1.99690E+0	0.00000E+0
1.31020E+0	-1.14823E-3	2.21253E-4	2.38420E-7	2.33890E-4	-9.77605E-7	-2.67757E-9	0.00000E+0	0.00000E+0	2.00060E+0	0.00000E+0
1.32740E+0	-1.15205E-3	2.21253E-4	8.34469E-7	3.77538E-4	-9.77547E-7	-2.61936E-9	0.00000E+0	0.00000E+0	2.00190E+0	0.00000E+0
1.34460E+0	-1.15205E-3	2.21253E-4	1.43052E-6	4.55620E-4	-9.77547E-7	-2.61936E-9	0.00000E+0	0.00000E+0	1.99750E+0	0.00000E+0
1.36170E+0	-1.15681E-3	2.22207E-4	1.54973E-6	4.31063E-4	-9.77547E-7	-2.61936E-9	0.00000E+0	0.00000E+0	1.99910E+0	0.00000E+0
1.37890E+0	-1.18066E-3	2.27929E-4	1.43052E-6	3.13761E-4	-9.77372E-7	-2.61936E-9	0.00000E+0	0.00000E+0	2.00150E+0	0.00000E+0
1.39600E+0	-1.21594E-3	2.34605E-4	8.34469E-7	1.75715E-4	-9.77256E-7	-2.67757E-9	0.00000E+0	0.00000E+0	2.00120E+0	0.00000E+0
1.41320E+0	-1.24265E-3	2.39373E-4	2.38420E-7	8.89306E-5	-9.77372E-7	-2.73577E-9	0.00000E+0	0.00000E+0	1.99670E+0	0.00000E+0
1.43030E+0	-1.25695E-3	2.42234E-4	0.00000E+0	1.05262E-4	-9.77489E-7	-2.67757E-9	0.00000E+0	0.00000E+0	1.99780E+0	0.00000E+0
1.44750E+0	-1.26363E-3	2.43188E-4	1.19210E-7	2.44977E-4	-9.77489E-7	-2.61936E-9	0.00000E+0	0.00000E+0	2.00130E+0	0.00000E+0
1.46460E+0	-1.26553E-3	2.43188E-4	8.34469E-7	4.10439E-4	-9.77430E-7	-2.56115E-9	0.00000E+0	0.00000E+0	2.00110E+0	0.00000E+0
1.48180E+0	-1.26363E-3	2.43188E-4	1.54973E-6	5.13200E-4	-9.77372E-7	-2.50294E-9	0.00000E+0	0.00000E+0	1.99900E+0	0.00000E+0
1.49890E+0	-1.26744E-3	2.44142E-4	1.90736E-6	5.19875E-4	-9.77314E-7	-2.50294E-9	0.00000E+0	0.00000E+0	1.99890E+0	0.00000E+0
1.51610E+0	-1.28747E-3	2.47957E-4	1.90736E-6	4.34758E-4	-9.77139E-7	-2.50294E-9	0.00000E+0	0.00000E+0	1.99940E+0	0.00000E+0
1.53320E+0	-1.32466E-3	2.54633E-4	1.31131E-6	2.92184E-4	-9.76965E-7	-2.56115E-9	0.00000E+0	0.00000E+0	2.00030E+0	0.00000E+0
1.55040E+0	-1.35804E-3	2.61309E-4	5.96050E-7	1.62006E-4	-9.76965E-7	-2.61936E-9	0.00000E+0	0.00000E+0	1.99990E+0	0.00000E+0
1.56750E+0	-1.38284E-3	2.66077E-4	0.00000E+0	7.62944E-5	-9.77081E-7	-2.67757E-9	0.00000E+0	0.00000E+0	2.00010E+0	0.00000E+0
1.58470E+0	-1.39619E-3	2.68938E-4	-3.57630E-7	6.15125E-5	-9.77256E-7	-2.67757E-9	0.00000E+0	0.00000E+0	1.99820E+0	0.00000E+0
1.60190E+0	-1.40191E-3	2.69892E-4	-2.38420E-7	1.46032E-4	-9.77372E-7	-2.61936E-9	0.00000E+0	0.00000E+0	1.99950E+0	0.00000E+0
1.61900E+0	-1.40477E-3	2.69892E-4	2.38420E-7	3.13522E-4	-9.77256E-7	-2.56115E-9	0.00000E+0	0.00000E+0	1.99900E+0	0.00000E+0
1.63620E+0	-1.40286E-3	2.69892E-4	1.07289E-6	4.74216E-4	-9.77197E-7	-2.44474E-9	0.00000E+0	0.00000E+0	1.99990E+0	0.00000E+0
1.65330E+0	-1.40096E-3	2.69892E-4	1.78815E-6	5.83533E-4	-9.77081E-7	-2.44474E-9	0.00000E+0	0.00000E+0	1.99970E+0	0.00000E+0
1.67050E+0	-1.40477E-3	2.70845E-4	2.26499E-6	6.18462E-4	-9.77023E-7	-2.44474E-9	0.00000E+0	0.00000E+0	2.00090E+0	0.00000E+0
1.68760E+0	-1.42289E-3	2.74660E-4	2.26499E-6	5.69943E-4	-9.76906E-7	-2.44474E-9	0.00000E+0	0.00000E+0	2.00060E+0	0.00000E+0
1.70480E+0	-1.45531E-3	2.80382E-4	1.90736E-6	4.63964E-4	-9.76732E-7	-2.44474E-9	0.00000E+0	0.00000E+0	1.99890E+0	0.00000E+0
1.72190E+0	-1.49346E-3	2.88012E-4	1.31131E-6	3.19006E-4	-9.76557E-7	-2.44474E-9	0.00000E+0	0.00000E+0	2.00150E+0	0.00000E+0
1.73910E+0	-1.52779E-3	2.93734E-4	7.15259E-7	1.83583E-4	-9.76557E-7	-2.50294E-9	0.00000E+0	0.00000E+0	2.00100E+0	0.00000E+0
1.75620E+0	-1.55164E-3	2.98502E-4	1.19210E-7	9.15532E-5	-9.76674E-7	-2.56115E-9	0.00000E+0	0.00000E+0	1.99800E+0	0.00000E+0
1.77340E+0	-1.56594E-3	3.01363E-4	-3.57630E-7	4.32732E-5	-9.76848E-7	-2.61936E-9	0.00000E+0	0.00000E+0	1.99960E+0	0.00000E+0
1.79050E+0	-1.57357E-3	3.03270E-4	-4.76841E-7	4.73263E-5	-9.77023E-7	-2.61936E-9	0.00000E+0	0.00000E+0	2.00140E+0	0.00000E+0
1.80770E+0	-1.57738E-3	3.03270E-4	-3.57630E-7	1.24217E-4	-9.77139E-7	-2.56115E-9	0.00000E+0	0.00000E+0	2.00320E+0	0.00000E+0
1.82480E+0	-1.57834E-3	3.04224E-4	0.00000E+0	2.67865E-4	-9.77081E-7	-2.50294E-9	0.00000E+0	0.00000E+0	2.00040E+0	0.00000E+0
1.84200E+0	-1.57738E-3	3.04224E-4	7.15259E-7	4.45964E-4	-9.76906E-7	-2.38653E-9	0.00000E+0	0.00000E+0	2.00090E+0	0.00000E+0
1.85920E+0	-1.57452E-3	3.04224E-4	1.43052E-6	5.93785E-4	-9.76732E-7	-2.32832E-9	0.00000E+0	0.00000E+0	2.00010E+0	0.00000E+0
1.87610E+0	-1.57262E-3	3.04224E-4	2.14578E-6	6.97020E-4	-9.76674E-7	-2.27011E-9	0.00000E+0	0.00000E+0	2.00170E+0	0.00000E+0
1.89320E+0	-1.58025E-3	3.05178E-4	2.50341E-6	7.36717E-4	-9.76499E-7	-2.27011E-9	0.00000E+0	0.00000E+0	1.99960E+0	0.00000E+0
1.91040E+0	-1.60599E-3	3.10900E-4	2.62262E-6	7.03219E-4	-9.76324E-7	-2.27011E-9	0.00000E+0	0.00000E+0	1.99620E+0	0.00000E+0
1.92750E+0	-1.64128E-3	3.17575E-4	2.50341E-6	6.11190E-4	-9.76208E-7	-2.27011E-9	0.00000E+0	0.00000E+0	1.99910E+0	0.00000E+0
1.94470E+0	-1.67943E-3	3.25205E-4	2.02657E-6	4.81607E-4	-9.76092E-7	-2.32832E-9	0.00000E+0	0.00000E+0	2.00140E+0	0.00000E+0
1.96180E+0	-1.71567E-3	3.31881E-4	1.31131E-6	3.39868E-4	-9.76092E-7	-2.38653E-9	0.00000E+0	0.00000E+0	2.00110E+0	0.00000E+0
1.97900E+0	-1.74714E-3	3.36649E-4	7.15259E-7	2.10644E-4	-9.76208E-7	-2.44474E-9	0.00000E+0	0.00000E+0	2.00000E+0	0.00000E+0
1.99620E+0	-1.77098E-3	3.41417E-4	1.19210E-7	1.10627E-4	-9.76266E-7	-2.44474E-9	0.00000E+0	0.00000E+0	2.00110E+0	0.00000E+0
2.01330E+0	-1.78624E-3	3.44278E-4	-2.38420E-7	5.05450E-5	-9.76441E-7	-2.50294E-9	0.00000E+0	0.00000E+0	2.00110E+0	0.00000E+0
2.03050E+0	-1.79482E-3	3.45232E-4	-5.96050E-7	2.44380E-5	-9.76557E-7	-2.50294E-9	0.00000E+0	0.00000E+0	1.99790E+0	0.00000E+0
2.04760E+0	-1.79864E-3	3.46186E-4	-8.34469E-7	2.20538E-5	-9.76732E-7	-2.50294E-9	0.00000E+0	0.00000E+0	2.00310E+0	0.00000E+0
2.06480E+0	-1.80150E-3	3.47139E-4	-7.15259E-7	6.37774E-5	-9.76790E-7	-2.50294E-9	0.00000E+0	0.00000E+0	2.00000E+0	0.00000E+0
2.08190E+0	-1.80150E-3	3.47139E-4	-4.76841E-7	1.76908E-4	-9.76732E-7	-2.44474E-9	0.00000E+0	0.00000E+0	2.00100E+0	0.00000E+0
2.09910E+0	-1.80150E-3	3.47139E-4	0.00000E+0	3.38437E-4	-9.76557E-7	-2.32832E-9	0.00000E+0	0.00000E+0	1.99890E+0	0.00000E+0
2.11620E+0	-1.79864E-3	3.47139E-4	7.15259E-7	4.92338E-4	-9.76383E-7	-2.27011E-9	0.00000E+0	0.00000E+0	2.00030E+0	0.00000E+0
2.13340E+0	-1.79673E-3	3.47139E-4	1.31131E-6	6.41111E-4	-9.76208E-7	-2.15370E-9	0.00000E+0	0.00000E+0	2.00010E+0	0.00000E+0
2.15050E+0	-1.79482E-3	3.47139E-4	1.90736E-6	7.73076E-4	-9.76033E-7	-2.09549E-9	0.00000E+0	0.00000E+0	2.00170E+0	0.00000E+0
2.16770E+0	-1.79864E-3	3.48093E-4	2.50341E-6	8.55450E-4	-9.75859E-7	-2.03728E-9	0.00000E+0	0.00000E+0	1.99870E+0	0.00000E+0
2.18480E+0	-1.81390E-3	3.50954E-4	2.74183E-6	8.87278E-4	-9.75626E-7	-2.03728E-9	0.00000E+0	0.00000E+0	2.00260E+0	0.00000E+0
2.20200E+0	-1.84346E-3	3.57630E-4	2.86104E-6	8.67728E-4	-9.75451E-7	-2.03728E-9	0.00000E+0	0.00000E+0	2.00210E+0	0.00000E+0
2.21910E+0	-1.88161E-3	3.65259E-4	2.86104E-6	7.99064E-4	-9.75277E-7	-2.03728E-9	0.00000E+0	0.00000E+0	2.00080E+0	0.00000E+0
2.23630E+0	-1.92261E-3	3.72889E-4	2.50341E-6	6.97259E-4	-9.75218E-7	-2.03728E-9	0.00000E+0	0.00000E+0	1.99930E+0	0.00000E+0
2.25350E+0	-1.95505E-3	3.78611E-4	2.14578E-6	5.94262E-4	-9.75277E-7	-2.15370E-9	0.00000E+0	0.00000E+0	1.99510E+0	0.00000E+0
2.27060E+0	-1.99129E-3	3.85286E-4	1.78815E-6	4.48110E-4	-9.75393E-7	-2.21191E-9	0.00000E+0	0.00000E+0	2.00100E+0	0.00000E+0
2.28780E+0	-2.02467E-3	3.91962E-4	1.19210E-6	3.16860E-4	-9.75509E-7	-2.27011E-9	0.00000E+0	0.00000E+0	1.99960E+0	0.00000E+0
2.30490E+0	-2.04946E-3	3.95777E-4	7.15259E-7	2.01703E-4	-9.75742E-7	-2.32832E-9	0.00000E+0	0.00000E+0	2.00080E+0	0.00000E+0
2.32210E+0	-2.07140E-3	4.00545E-4	1.19210E-7	1.06812E-4	-9.75859E-7	-2.38653E-9	0.00000E+0	0.00000E+0	1.99990E+0	0.00000E+0
2.33920E+0	-2.08475E-3	4.02452E-4	-2.38420E-7	5.25715E-5	-9.75975E-7	-2.38653E-9	0.00000E+0	0.00000E+0	1.99930E+0	0.00000E+0
2.35640E+0	-2.09142E-3	4.03406E-4	-4.76841E-7	2.26499E-5	-9.76092E-7	-2.38653E-9	0.00000E+0	0.00000E+0	1.99970E+0	0.00000E+0
2.37350E+0	-2.09619E-3	4.04360E-4	-8.34469E-7	1.01328E-5	-9.76266E-7	-2.38653E-9	0.00000E+0	0.00000E+0	1.99660E+0	0.00000E+0
2.39070E+0	-2.09810E-3	4.04360E-4	-9.53682E-7	9.89443E-6	-9.76324E-7	-2.38653E-9	0.00000E+0	0.00000E+0	2.00060E+0	0.00000E+0
2.40780E+0	-2.09905E-3	4.04360E-4	-9.53682E-7	2.82527E-5	-9.76383E-7	-2.38653E-9	0.00000E+0	0.00000E+0	2.00120E+0	0.00000E+0
2.42500E+0	-2.10001E-3	4.04360E-4	-9.53682E-7	7.67712E-5	-9.76324E-7	-2.32832E-9	0.00000E+0	0.00000E+0	1.99740E+0	0.00000E+0
2.44210E+0	-2.10001E-3	4.04360E-4	-8.34469E-7	1.79888E-4	-9.76208E-7	-2.27011E-9	0.00000E+0	0.00000E+0	1.99670E+0	0.00000E+0
2.45930E+0	-2.09905E-3	4.04360E-4	-4.76841E-7	3.21629E-4	-9.75975E-7	-2.15370E-9	0.00000E+0	0.00000E+0	2.00290E+0	0.00000E+0
2.47650E+0	-2.09714E-3	4.04360E-4	1.19210E-7	4.88643E-4	-9.75684E-7	-2.03728E-9	0.00000E+0	0.00000E+0	2.00090E+0	0.00000E+0
2.49360E+0	-2.09428E-3	4.03406E-4	7.15259E-7	6.38846E-4	-9.75509E-7	-1.97907E-9	0.00000E+0	0.00000E+0	2.00270E+0	0.00000E+0
2.51080E+0	-2.09142E-3	4.03406E-4	1.19210E-6	7.73553E-4	-9.75277E-7	-1.92087E-9	0.00000E+0	0.00000E+0	1.99990E+0	0.00000E+0
2.52790E+0	-2.09142E-3	4.04360E-4	1.54973E-6	9.01822E-4	-9.75044E-7	-1.80444E-9	0.00000E+0	0.00000E+0	1.99950E+0	0.00000E+0
2.54510E+0	-2.09619E-3	4.04360E-4	2.02657E-6	9.85749E-4	-9.74927E-7	-1.74624E-9	0.00000E+0	0.00000E+0	2.00110E+0	0.00000E+0
2.56220E+0	-2.10859E-3	4.08174E-4	2.38420E-6	1.04440E-3	-9.74695E-7	-1.74624E-9	0.00000E+0	0.00000E+0	2.00020E+0	0.00000E+0
2.57940E+0	-2.13338E-3	4.12943E-4	2.50341E-6	1.06800E-3	-9.74404E-7	-1.68803E-9	0.00000E+0	0.00000E+0	2.00040E+0	0.00000E+0
2.59650E+0	-2.16772E-3	4.20572E-4	2.62262E-6	1.05978E-3	-9.74171E-7	-1.68803E-9	0.00000E+0	0.00000E+0	2.00090E+0	0.00000E+0
2.61370E+0	-2.20968E-3	4.29155E-4	2.62262E-6	1.01829E-3	-9.73996E-7	-1.68803E-9	0.00000E+0	0.00000E+0	2.00100E+0	0.00000E+0
2.63080E+0	-2.25259E-3	4.36785E-4	2.62262E-6	9.51771E-4	-9.73938E-7	-1.68803E-9	0.00000E+0	0.00000E+0	1.99940E+0	0.00000E+0
2.64800E+0	-2.29456E-3	4.45368E-4	2.26499E-6	8.62960E-4	-9.73938E-7	-1.74624E-9	0.00000E+0	0.00000E+0	2.00030E+0	0.00000E+0
2.66510E+0	-2.33461E-3	4.53951E-4	2.14578E-6	7.55195E-4	-9.74112E-7	-1.86266E-9	0.00000E+0	0.00000E+0	1.99850E+0	0.00000E+0
2.68230E+0	-2.37180E-3	4.60627E-4	1.90736E-6	6.35389E-4	-9.74287E-7	-1.97907E-9	0.00000E+0	0.00000E+0	2.00130E+0	0.00000E+0
2.69940E+0	-2.40327E-3	4.67302E-4	1.54973E-6	5.19875E-4	-9.74520E-7	-2.03728E-9	0.00000E+0	0.00000E+0	1.99850E+0	0.00000E+0
2.71660E+0	-2.42998E-3	4.71117E-4	1.31131E-6	4.11035E-4	-9.74753E-7	-2.15370E-9	0.00000E+0	0.00000E+0	1.99980E+0	0.00000E+0
2.73380E+0	-2.45191E-3	4.75885E-4	9.53682E-7	3.05178E-4	-9.75044E-7	-2.21191E-9	0.00000E+0	0.00000E+0	1.99860E+0	0.00000E+0
2.75090E+0	-2.47194E-3	4.79700E-4	5.96050E-7	2.08379E-4	-9.75218E-7	-2.27011E-9	0.00000E+0	0.00000E+0	1.99930E+0	0.00000E+0
2.76810E+0	-2.48910E-3	4.82561E-4	2.38420E-7	1.25409E-4	-9.75451E-7	-2.27011E-9	0.00000E+0	0.00000E+0	1.99750E+0	0.00000E+0
2.78520E+0	-2.50055E-3	4.84468E-4	0.00000E+0	7.20029E-5	-9.75626E-7	-2.27011E-9	0.00000E+0	0.00000E+0	1.99830E+0	0.00000E+0
2.80240E+0	-2.50722E-3	4.85422E-4	-3.57630E-7	3.68359E-5	-9.75742E-7	-2.27011E-9	0.00000E+0	0.00000E+0	2.00110E+0	0.00000E+0
2.81950E+0	-2.51104E-3	4.86376E-4	-5.96050E-7	1.83583E-5	-9.75801E-7	-2.27011E-9	0.00000E+0	0.00000E+0	2.00060E+0	0.00000E+0
2.83670E+0	-2.51390E-3	4.86376E-4	-8.34469E-7	7.62945E-6	-9.75859E-7	-2.27011E-9	0.00000E+0	0.00000E+0	2.00240E+0	0.00000E+0
2.85380E+0	-2.51485E-3	4.86376E-4	-9.53682E-7	3.33787E-6	-9.75859E-7	-2.27011E-9	0.00000E+0	0.00000E+0	2.00060E+0	0.00000E+0
2.87100E+0	-2.51676E-3	4.86376E-4	-9.53682E-7	1.90736E-6	-9.75859E-7	-2.21191E-9	0.00000E+0	0.00000E+0	1.99880E+0	0.00000E+0
2.88810E+0	-2.51676E-3	4.86376E-4	-1.07289E-6	4.29156E-6	-9.75859E-7	-2.21191E-9	0.00000E+0	0.00000E+0	1.99780E+0	0.00000E+0
2.90530E+0	-2.51676E-3	4.86376E-4	-1.31131E-6	1.84776E-5	-9.75801E-7	-2.21191E-9	0.00000E+0	0.00000E+0	1.99890E+0	0.00000E+0
2.92240E+0	-2.51676E-3	4.86376E-4	-1.31131E-6	5.91280E-5	-9.75626E-7	-2.15370E-9	0.00000E+0	0.00000E+0	1.99920E+0	0.00000E+0
2.93960E+0	-2.51676E-3	4.86376E-4	-1.19210E-6	1.35780E-4	-9.75451E-7	-2.03728E-9	0.00000E+0	0.00000E+0	2.00240E+0	0.00000E+0
2.95670E+0	-2.51676E-3	4.85422E-4	-1.07289E-6	2.46288E-4	-9.75160E-7	-1.92087E-9	0.00000E+0	0.00000E+0	2.00160E+0	0.00000E+0
2.97390E+0	-2.51390E-3	4.85422E-4	-8.34469E-7	3.71577E-4	-9.74869E-7	-1.80444E-9	0.00000E+0	0.00000E+0	2.00150E+0	0.00000E+0
2.99110E+0	-2.51295E-3	4.84468E-4	-4.76841E-7	5.00802E-4	-9.74578E-7	-1.74624E-9	0.00000E+0	0.00000E+0	1.99720E+0	0.00000E+0
3.00820E+0	-2.51009E-3	4.84468E-4	-2.38420E-7	6.46595E-4	-9.74287E-7	-1.57161E-9	0.00000E+0	0.00000E+0	2.00070E+0	0.00000E+0
3.02540E+0	-2.50722E-3	4.84468E-4	0.00000E+0	7.99302E-4	-9.73996E-7	-1.51341E-9	0.00000E+0	0.00000E+0	1.99710E+0	0.00000E+0
3.04250E+0	-2.50627E-3	4.84468E-4	3.57630E-7	9.27333E-4	-9.73763E-7	-1.45520E-9	0.00000E+0	0.00000E+0	2.00010E+0	0.00000E+0
3.05970E+0	-2.50722E-3	4.84468E-4	7.15259E-7	1.03164E-3	-9.73530E-7	-1.33878E-9	0.00000E+0	0.00000E+0	1.99900E+0	0.00000E+0
3.07680E+0	-2.51199E-3	4.85422E-4	8.34469E-7	1.13011E-3	-9.73298E-7	-1.28058E-9	0.00000E+0	0.00000E+0	2.00030E+0	0.00000E+0
3.09400E+0	-2.52153E-3	4.87329E-4	1.07289E-6	1.20390E-3	-9.73065E-7	-1.22237E-9	0.00000E+0	0.00000E+0	1.99950E+0	0.00000E+0
3.11110E+0	-2.54156E-3	4.92100E-4	1.19210E-6	1.26386E-3	-9.72774E-7	-1.16416E-9	0.00000E+0	0.00000E+0	2.00040E+0	0.00000E+0
3.12830E+0	-2.56921E-3	4.97822E-4	1.31131E-6	1.29569E-3	-9.72483E-7	-1.10595E-9	0.00000E+0	0.00000E+0	1.99930E+0	0.00000E+0
3.14540E+0	-2.60450E-3	5.04497E-4	1.43052E-6	1.30201E-3	-9.72250E-7	-1.10595E-9	0.00000E+0	0.00000E+0	2.00330E+0	0.00000E+0
3.16260E+0	-2.64265E-3	5.13081E-4	1.43052E-6	1.28628E-3	-9.72075E-7	-1.04775E-9	0.00000E+0	0.00000E+0	2.00120E+0	0.00000E+0
3.17970E+0	-2.68461E-3	5.20710E-4	1.54973E-6	1.25230E-3	-9.71901E-7	-1.04775E-9	0.00000E+0	0.00000E+0	1.99860E+0	0.00000E+0
3.19690E+0	-2.73134E-3	5.30247E-4	1.43052E-6	1.20211E-3	-9.71842E-7	-1.10595E-9	0.00000E+0	0.00000E+0	1.99810E+0	0.00000E+0
3.21410E+0	-2.77807E-3	5.39783E-4	1.43052E-6	1.13953E-3	-9.71842E-7	-1.10595E-9	0.00000E+0	0.00000E+0	1.99830E+0	0.00000E+0
3.23120E+0	-2.82671E-3	5.48366E-4	1.43052E-6	1.06610E-3	-9.71901E-7	-1.22237E-9	0.00000E+0	0.00000E+0	2.00000E+0	0.00000E+0
3.24840E+0	-2.86962E-3	5.57903E-4	1.43052E-6	9.90517E-4	-9.72017E-7	-1.28058E-9	0.00000E+0	0.00000E+0	1.99780E+0	0.00000E+0
3.26550E+0	-2.90968E-3	5.64579E-4	1.43052E-6	9.09332E-4	-9.72192E-7	-1.33878E-9	0.00000E+0	0.00000E+0	2.00060E+0	0.00000E+0
3.28270E+0	-2.94591E-3	5.72208E-4	1.31131E-6	8.21833E-4	-9.72424E-7	-1.39699E-9	0.00000E+0	0.00000E+0	2.00020E+0	0.00000E+0
3.29980E+0	-2.97834E-3	5.78884E-4	1.19210E-6	7.34452E-4	-9.72715E-7	-1.51341E-9	0.00000E+0	0.00000E+0	2.00000E+0	0.00000E+0
3.31700E+0	-3.00600E-3	5.84606E-4	1.19210E-6	6.45403E-4	-9.73007E-7	-1.57161E-9	0.00000E+0	0.00000E+0	2.00050E+0	0.00000E+0
3.33410E+0	-3.03079E-3	5.88421E-4	1.07289E-6	5.58022E-4	-9.73298E-7	-1.68803E-9	0.00000E+0	0.00000E+0	2.00070E+0	0.00000E+0
3.35130E+0	-3.05273E-3	5.93189E-4	9.53682E-7	4.68494E-4	-9.73647E-7	-1.80444E-9	0.00000E+0	0.00000E+0	1.99890E+0	0.00000E+0
3.36840E+0	-3.07180E-3	5.96050E-4	8.34469E-7	3.82902E-4	-9.73938E-7	-1.86266E-9	0.00000E+0	0.00000E+0	2.00020E+0	0.00000E+0
3.38560E+0	-3.08706E-3	5.99865E-4	5.96050E-7	3.02913E-4	-9.74171E-7	-1.92087E-9	0.00000E+0	0.00000E+0	1.99980E+0	0.00000E+0
3.40270E+0	-3.10136E-3	6.01772E-4	3.57630E-7	2.29717E-4	-9.74404E-7	-1.97907E-9	0.00000E+0	0.00000E+0	2.00300E+0	0.00000E+0
3.41990E+0	-3.11185E-3	6.03680E-4	1.19210E-7	1.72616E-4	-9.74636E-7	-2.03728E-9	0.00000E+0	0.00000E+0	1.99840E+0	0.00000E+0
3.43700E+0	-3.12044E-3	6.06541E-4	0.00000E+0	1.22667E-4	-9.74811E-7	-2.03728E-9	0.00000E+0	0.00000E+0	1.99950E+0	0.00000E+0
3.45420E+0	-3.12807E-3	6.07494E-4	-1.19210E-7	7.95131E-5	-9.74927E-7	-2.09549E-9	0.00000E+0	0.00000E+0	2.00140E+0	0.00000E+0
3.47140E+0	-3.13188E-3	6.08448E-4	-3.57630E-7	5.18563E-5	-9.75102E-7	-2.09549E-9	0.00000E+0	0.00000E+0	2.00160E+0	0.00000E+0
3.48850E+0	-3.13474E-3	6.08448E-4	-4.76841E-7	3.19483E-5	-9.75160E-7	-2.09549E-9	0.00000E+0	0.00000E+0	1.99900E+0	0.00000E+0
3.50570E+0	-3.13760E-3	6.09402E-4	-5.96050E-7	1.69278E-5	-9.75277E-7	-2.09549E-9	0.00000E+0	0.00000E+0	2.00100E+0	0.00000E+0
3.52280E+0	-3.13951E-3	6.09402E-4	-8.34469E-7	7.51021E-6	-9.75277E-7	-2.09549E-9	0.00000E+0	0.00000E+0	1.99880E+0	0.00000E+0
3.54000E+0	-3.14046E-3	6.09402E-4	-8.34469E-7	2.98025E-6	-9.75335E-7	-2.03728E-9	0.00000E+0	0.00000E+0	1.99890E+0	0.00000E+0
3.55710E+0	-3.14142E-3	6.09402E-4	-9.53682E-7	7.15259E-7	-9.75335E-7	-2.03728E-9	0.00000E+0	0.00000E+0	2.00030E+0	0.00000E+0
3.57430E+0	-3.14237E-3	6.10355E-4	-1.07289E-6	-3.57630E-7	-9.75277E-7	-2.03728E-9	0.00000E+0	0.00000E+0	2.00010E+0	0.00000E+0
3.59140E+0	-3.14237E-3	6.09402E-4	-1.19210E-6	-7.15259E-7	-9.75160E-7	-1.97907E-9	0.00000E+0	0.00000E+0	1.99880E+0	0.00000E+0
3.60860E+0	-3.14237E-3	6.09402E-4	-1.31131E-6	-4.76841E-7	-9.75160E-7	-1.97907E-9	0.00000E+0	0.00000E+0	1.99950E+0	0.00000E+0
3.62570E+0	-3.14237E-3	6.09402E-4	-1.43052E-6	9.53682E-7	-9.75044E-7	-1.97907E-9	0.00000E+0	0.00000E+0	2.00250E+0	0.00000E+0
3.64290E+0	-3.14237E-3	6.09402E-4	-1.54973E-6	5.84128E-6	-9.74927E-7	-1.92087E-9	0.00000E+0	0.00000E+0	2.00270E+0	0.00000E+0
3.66000E+0	-3.14237E-3	6.08448E-4	-1.54973E-6	1.96696E-5	-9.74811E-7	-1.86266E-9	0.00000E+0	0.00000E+0	2.00180E+0	0.00000E+0
3.67720E+0	-3.14237E-3	6.08448E-4	-1.66894E-6	4.87568E-5	-9.74695E-7	-1.80444E-9	0.00000E+0	0.00000E+0	2.00020E+0	0.00000E+0
3.69430E+0	-3.14142E-3	6.08448E-4	-1.66894E-6	9.46526E-5	-9.74462E-7	-1.74624E-9	0.00000E+0	0.00000E+0	1.99910E+0	0.00000E+0
3.71150E+0	-3.14142E-3	6.08448E-4	-1.66894E-6	1.52946E-4	-9.74287E-7	-1.68803E-9	0.00000E+0	0.00000E+0	1.99850E+0	0.00000E+0
3.72870E+0	-3.13951E-3	6.08448E-4	-1.66894E-6	2.40923E-4	-9.73996E-7	-1.57161E-9	0.00000E+0	0.00000E+0	2.00200E+0	0.00000E+0
3.74580E+0	-3.13856E-3	6.08448E-4	-1.90736E-6	3.44994E-4	-9.73763E-7	-1.51341E-9	0.00000E+0	0.00000E+0	2.00090E+0	0.00000E+0
3.76300E+0	-3.13665E-3	6.08448E-4	-1.90736E-6	4.50732E-4	-9.73472E-7	-1.45520E-9	0.00000E+0	0.00000E+0	2.00060E+0	0.00000E+0
3.78010E+0	-3.13570E-3	6.08448E-4	-1.66894E-6	5.62433E-4	-9.73239E-7	-1.33878E-9	0.00000E+0	0.00000E+0	1.99830E+0	0.00000E+0
3.79730E+0	-3.13379E-3	6.07494E-4	-1.54973E-6	6.93325E-4	-9.72890E-7	-1.22237E-9	0.00000E+0	0.00000E+0	2.00170E+0	0.00000E+0
3.81440E+0	-3.13188E-3	6.07494E-4	-1.19210E-6	8.23740E-4	-9.72657E-7	-1.10595E-9	0.00000E+0	0.00000E+0	1.99980E+0	0.00000E+0
3.83160E+0	-3.13093E-3	6.06541E-4	-1.07289E-6	9.41519E-4	-9.72366E-7	-1.04775E-9	0.00000E+0	0.00000E+0	2.00170E+0	0.00000E+0
3.84870E+0	-3.13093E-3	6.06541E-4	-1.07289E-6	1.06264E-3	-9.72133E-7	-9.89537E-10	0.00000E+0	0.00000E+0	2.00040E+0	0.00000E+0
3.86590E+0	-3.13284E-3	6.07494E-4	-1.07289E-6	1.18531E-3	-9.71842E-7	-8.73118E-10	0.00000E+0	0.00000E+0	1.99990E+0	0.00000E+0
3.88300E+0	-3.13856E-3	6.08448E-4	-9.53682E-7	1.28771E-3	-9.71551E-7	-8.14911E-10	0.00000E+0	0.00000E+0	2.00030E+0	0.00000E+0
3.90020E+0	-3.14809E-3	6.10355E-4	-9.53682E-7	1.36960E-3	-9.71319E-7	-7.56703E-10	0.00000E+0	0.00000E+0	2.00170E+0	0.00000E+0
3.91730E+0	-3.16431E-3	6.14170E-4	-8.34469E-7	1.44280E-3	-9.71027E-7	-6.40288E-10	0.00000E+0	0.00000E+0	1.99970E+0	0.00000E+0
3.93450E+0	-3.18433E-3	6.17985E-4	-8.34469E-7	1.49227E-3	-9.70736E-7	-5.82080E-10	0.00000E+0	0.00000E+0	2.00240E+0	0.00000E+0
3.95170E+0	-3.21676E-3	6.24660E-4	-8.34469E-7	1.53042E-3	-9.70445E-7	-5.82080E-10	0.00000E+0	0.00000E+0	2.00010E+0	0.00000E+0
3.96880E+0	-3.25395E-3	6.32290E-4	-8.34469E-7	1.54579E-3	-9.70213E-7	-5.23873E-10	0.00000E+0	0.00000E+0	2.00110E+0	0.00000E+0
3.98600E+0	-3.29401E-3	6.39919E-4	-8.34469E-7	1.54341E-3	-9.69980E-7	-5.23873E-10	0.00000E+0	0.00000E+0	2.00170E+0	0.00000E+0
4.00310E+0	-3.33883E-3	6.49456E-4	-7.15259E-7	1.52803E-3	-9.69805E-7	-5.23873E-10	0.00000E+0	0.00000E+0	2.00170E+0	0.00000E+0
4.02030E+0	-3.38651E-3	6.58993E-4	-7.15259E-7	1.50264E-3	-9.69630E-7	-5.23873E-10	0.00000E+0	0.00000E+0	1.99830E+0	0.00000E+0
4.03740E+0	-3.43229E-3	6.67576E-4	-4.76841E-7	1.47022E-3	-9.69572E-7	-5.23873E-10	0.00000E+0	0.00000E+0	2.00180E+0	0.00000E+0
4.05460E+0	-3.48188E-3	6.77112E-4	-3.57630E-7	1.43028E-3	-9.69456E-7	-5.23873E-10	0.00000E+0	0.00000E+0	2.00140E+0	0.00000E+0
4.07170E+0	-3.53052E-3	6.86649E-4	-3.57630E-7	1.38629E-3	-9.69456E-7	-5.23873E-10	0.00000E+0	0.00000E+0	2.00170E+0	0.00000E+0
4.08890E+0	-3.58106E-3	6.97140E-4	-1.19210E-7	1.33360E-3	-9.69456E-7	-5.82080E-10	0.00000E+0	0.00000E+0	1.99870E+0	0.00000E+0
4.10600E+0	-3.63161E-3	7.06676E-4	0.00000E+0	1.28043E-3	-9.69572E-7	-6.40288E-10	0.00000E+0	0.00000E+0	1.99960E+0	0.00000E+0
4.12320E+0	-3.68024E-3	7.16213E-4	1.19210E-7	1.22369E-3	-9.69689E-7	-6.40288E-10	0.00000E+0	0.00000E+0	2.00260E+0	0.00000E+0
4.14030E+0	-3.72602E-3	7.25750E-4	2.38420E-7	1.16742E-3	-9.69805E-7	-7.56703E-10	0.00000E+0	0.00000E+0	2.00340E+0	0.00000E+0
4.15750E+0	-3.76989E-3	7.33379E-4	2.38420E-7	1.11199E-3	-9.69980E-7	-7.56703E-10	0.00000E+0	0.00000E+0	2.00230E+0	0.00000E+0
4.17460E+0	-3.80804E-3	7.41009E-4	3.57630E-7	1.05739E-3	-9.70154E-7	-8.14911E-10	0.00000E+0	0.00000E+0	1.99920E+0	0.00000E+0
4.19180E+0	-3.84523E-3	7.47684E-4	3.57630E-7	1.00208E-3	-9.70387E-7	-8.73118E-10	0.00000E+0	0.00000E+0	2.00010E+0	0.00000E+0
4.20900E+0	-3.88147E-3	7.54360E-4	4.76841E-7	9.45095E-4	-9.70562E-7	-9.31330E-10	0.00000E+0	0.00000E+0	2.00020E+0	0.00000E+0
4.22610E+0	-3.91391E-3	7.61036E-4	5.96050E-7	8.88828E-4	-9.70795E-7	-9.89537E-10	0.00000E+0	0.00000E+0	1.99810E+0	0.00000E+0
4.24330E+0	-3.94538E-3	7.66758E-4	5.96050E-7	8.33515E-4	-9.71027E-7	-1.04775E-9	0.00000E+0	0.00000E+0	2.00160E+0	0.00000E+0
4.26040E+0	-3.97113E-3	7.71526E-4	5.96050E-7	7.82255E-4	-9.71202E-7	-1.10595E-9	0.00000E+0	0.00000E+0	2.00040E+0	0.00000E+0
4.27760E+0	-3.99593E-3	7.77248E-4	4.76841E-7	7.27776E-4	-9.71435E-7	-1.10595E-9	0.00000E+0	0.00000E+0	2.00230E+0	0.00000E+0
4.29470E+0	-4.01881E-3	7.81063E-4	3.57630E-7	6.74013E-4	-9.71668E-7	-1.22237E-9	0.00000E+0	0.00000E+0	1.99880E+0	0.00000E+0
4.31190E+0	-4.04075E-3	7.84878E-4	3.57630E-7	6.20846E-4	-9.71842E-7	-1.22237E-9	0.00000E+0	0.00000E+0	2.00060E+0	0.00000E+0
4.32900E+0	-4.05982E-3	7.87739E-4	2.38420E-7	5.68751E-4	-9.72017E-7	-1.28058E-9	0.00000E+0	0.00000E+0	2.00060E+0	0.00000E+0
4.34620E+0	-4.07794E-3	7.92507E-4	2.38420E-7	5.14392E-4	-9.72192E-7	-1.28058E-9	0.00000E+0	0.00000E+0	1.99900E+0	0.00000E+0
4.36330E+0	-4.09320E-3	7.94414E-4	1.19210E-7	4.61342E-4	-9.72424E-7	-1.33878E-9	0.00000E+0	0.00000E+0	1.99750E+0	0.00000E+0
4.38050E+0	-4.10751E-3	7.97275E-4	1.19210E-7	4.10678E-4	-9.72541E-7	-1.39699E-9	0.00000E+0	0.00000E+0	2.00200E+0	0.00000E+0
4.39760E+0	-4.11800E-3	7.99183E-4	0.00000E+0	3.64425E-4	-9.72715E-7	-1.45520E-9	0.00000E+0	0.00000E+0	1.99980E+0	0.00000E+0
4.41480E+0	-4.12849E-3	8.01090E-4	-1.19210E-7	3.18648E-4	-9.72832E-7	-1.45520E-9	0.00000E+0	0.00000E+0	2.00170E+0	0.00000E+0
4.43190E+0	-4.13802E-3	8.03951E-4	-1.19210E-7	2.75137E-4	-9.73007E-7	-1.51341E-9	0.00000E+0	0.00000E+0	1.99860E+0	0.00000E+0
4.44910E+0	-4.14565E-3	8.05859E-4	-2.38420E-7	2.36631E-4	-9.73065E-7	-1.51341E-9	0.00000E+0	0.00000E+0	2.00180E+0	0.00000E+0
4.46630E+0	-4.15328E-3	8.06812E-4	-3.57630E-7	1.99676E-4	-9.73181E-7	-1.51341E-9	0.00000E+0	0.00000E+0	1.99980E+0	0.00000E+0
4.48340E+0	-4.15996E-3	8.08720E-4	-4.76841E-7	1.63437E-4	-9.73298E-7	-1.51341E-9	0.00000E+0	0.00000E+0	2.00190E+0	0.00000E+0
4.50060E+0	-4.16568E-3	8.09673E-4	-4.76841E-7	1.29939E-4	-9.73356E-7	-1.51341E-9	0.00000E+0	0.00000E+0	2.00160E+0	0.00000E+0
4.51770E+0	-4.17045E-3	8.10627E-4	-7.15259E-7	1.04547E-4	-9.73356E-7	-1.51341E-9	0.00000E+0	0.00000E+0	2.00080E+0	0.00000E+0
4.53490E+0	-4.17331E-3	8.12534E-4	-8.34469E-7	7.79633E-5	-9.73472E-7	-1.51341E-9	0.00000E+0	0.00000E+0	1.99960E+0	0.00000E+0
4.55200E+0	-4.17712E-3	8.12534E-4	-8.34469E-7	5.76975E-5	-9.73472E-7	-1.51341E-9	0.00000E+0	0.00000E+0	2.00010E+0	0.00000E+0
4.56920E+0	-4.17712E-3	8.13488E-4	-9.53682E-7	4.31540E-5	-9.73472E-7	-1.51341E-9	0.00000E+0	0.00000E+0	1.99980E+0	0.00000E+0
4.58630E+0	-4.17808E-3	8.13488E-4	-9.53682E-7	3.11139E-5	-9.73472E-7	-1.51341E-9	0.00000E+0	0.00000E+0	2.00170E+0	0.00000E+0
4.60350E+0	-4.17808E-3	8.14442E-4	-1.07289E-6	2.18154E-5	-9.73472E-7	-1.45520E-9	0.00000E+0	0.00000E+0	2.00050E+0	0.00000E+0
4.62060E+0	-4.17808E-3	8.14442E-4	-1.07289E-6	1.44244E-5	-9.73472E-7	-1.45520E-9	0.00000E+0	0.00000E+0	2.00080E+0	0.00000E+0
4.63780E+0	-4.17903E-3	8.14442E-4	-1.07289E-6	9.29838E-6	-9.73414E-7	-1.45520E-9	0.00000E+0	0.00000E+0	2.00180E+0	0.00000E+0
4.65490E+0	-4.17903E-3	8.14442E-4	-1.19210E-6	5.12603E-6	-9.73414E-7	-1.39699E-9	0.00000E+0	0.00000E+0	1.99980E+0	0.00000E+0
4.67210E+0	-4.17998E-3	8.14442E-4	-1.31131E-6	2.26499E-6	-9.73356E-7	-1.33878E-9	0.00000E+0	0.00000E+0	2.00040E+0	0.00000E+0
4.68930E+0	-4.17998E-3	8.14442E-4	-1.43052E-6	5.96050E-7	-9.73356E-7	-1.33878E-9	0.00000E+0	0.00000E+0	1.99830E+0	0.00000E+0
4.70640E+0	-4.17998E-3	8.14442E-4	-1.43052E-6	-4.76841E-7	-9.73298E-7	-1.33878E-9	0.00000E+0	0.00000E+0	1.99980E+0	0.00000E+0
4.72360E+0	-4.17998E-3	8.15395E-4	-1.54973E-6	-1.07289E-6	-9.73298E-7	-1.28058E-9	0.00000E+0	0.00000E+0	1.99870E+0	0.00000E+0
4.74070E+0	-4.17998E-3	8.15395E-4	-1.66894E-6	-1.43052E-6	-9.73239E-7	-1.28058E-9	0.00000E+0	0.00000E+0	2.00140E+0	0.00000E+0
4.75790E+0	-4.17998E-3	8.15395E-4	-1.90736E-6	-1.90736E-6	-9.73123E-7	-1.22237E-9	0.00000E+0	0.00000E+0	1.99830E+0	0.00000E+0
4.77500E+0	-4.17998E-3	8.15395E-4	-2.02657E-6	-2.02657E-6	-9.73065E-7	-1.22237E-9	0.00000E+0	0.00000E+0	2.00250E+0	0.00000E+0
4.79220E+0	-4.17998E-3	8.15395E-4	-2.14578E-6	-2.26499E-6	-9.73007E-7	-1.22237E-9	0.00000E+0	0.00000E+0	2.00010E+0	0.00000E+0
4.80930E+0	-4.17998E-3	8.14442E-4	-2.38420E-6	-2.50341E-6	-9.72948E-7	-1.16416E-9	0.00000E+0	0.00000E+0	1.99930E+0	0.00000E+0
4.82650E+0	-4.17998E-3	8.14442E-4	-2.50341E-6	-2.62262E-6	-9.72832E-7	-1.10595E-9	0.00000E+0	0.00000E+0	2.00240E+0	0.00000E+0
4.84360E+0	-4.17998E-3	8.14442E-4	-2.62262E-6	-2.74183E-6	-9.72774E-7	-1.10595E-9	0.00000E+0	0.00000E+0	2.00070E+0	0.00000E+0
4.86080E+0	-4.17998E-3	8.14442E-4	-2.74183E-6	-2.74183E-6	-9.72657E-7	-1.10595E-9	0.00000E+0	0.00000E+0	1.99910E+0	0.00000E+0
4.87790E+0	-4.17903E-3	8.14442E-4	-2.98025E-6	-2.62262E-6	-9.72599E-7	-1.04775E-9	0.00000E+0	0.00000E+0	2.00120E+0	0.00000E+0
4.89510E+0	-4.17903E-3	8.14442E-4	-3.09946E-6	-1.90736E-6	-9.72483E-7	-1.04775E-9	0.00000E+0	0.00000E+0	1.99980E+0	0.00000E+0
4.91220E+0	-4.17808E-3	8.14442E-4	-3.33787E-6	1.19210E-7	-9.72366E-7	-9.89537E-10	0.00000E+0	0.00000E+0	2.00120E+0	0.00000E+0
4.92940E+0	-4.17808E-3	8.14442E-4	-3.45708E-6	4.29156E-6	-9.72250E-7	-9.89537E-10	0.00000E+0	0.00000E+0	2.00120E+0	0.00000E+0
4.94660E+0	-4.17808E-3	8.14442E-4	-3.69550E-6	1.27555E-5	-9.72133E-7	-9.89537E-10	0.00000E+0	0.00000E+0	2.00330E+0	0.00000E+0
4.96370E+0	-4.17712E-3	8.14442E-4	-4.05314E-6	2.56301E-5	-9.72017E-7	-9.31330E-10	0.00000E+0	0.00000E+0	2.00000E+0	0.00000E+0
4.98090E+0	-4.17712E-3	8.13488E-4	-4.64919E-6	4.25579E-5	-9.71901E-7	-8.73118E-10	0.00000E+0	0.00000E+0	1.99640E+0	0.00000E+0
4.99800E+0	-4.17712E-3	8.13488E-4	-4.76840E-6	6.87842E-5	-9.71726E-7	-8.73118E-10	0.00000E+0	0.00000E+0	2.00070E+0	0.00000E+0
5.01490E+0	-4.17712E-3	8.13488E-4	-4.76840E-6	1.08362E-4	-9.71610E-7	-8.14911E-10	0.00000E+0	0.00000E+0	2.00140E+0	0.00000E+0
5.03210E+0	-4.17617E-3	8.13488E-4	-4.76840E-6	1.50324E-4	-9.71435E-7	-7.56703E-10	0.00000E+0	0.00000E+0	1.99940E+0	0.00000E+0
5.04920E+0	-4.17522E-3	8.13488E-4	-4.76840E-6	2.06352E-4	-9.71260E-7	-7.56703E-10	0.00000E+0	0.00000E+0	1.99880E+0	0.00000E+0
5.06640E+0	-4.17522E-3	8.13488E-4	-4.64919E-6	2.66077E-4	-9.71144E-7	-6.40288E-10	0.00000E+0	0.00000E+0	1.99910E+0	0.00000E+0
5.08360E+0	-4.17331E-3	8.12534E-4	-4.52998E-6	3.40464E-4	-9.70911E-7	-5.82080E-10	0.00000E+0	0.00000E+0	2.00100E+0	0.00000E+0
5.10070E+0	-4.17331E-3	8.12534E-4	-4.41077E-6	4.37619E-4	-9.70678E-7	-5.23873E-10	0.00000E+0	0.00000E+0	1.99910E+0	0.00000E+0
5.11790E+0	-4.17235E-3	8.12534E-4	-4.29156E-6	5.35134E-4	-9.70445E-7	-4.07455E-10	0.00000E+0	0.00000E+0	2.00030E+0	0.00000E+0
5.13500E+0	-4.17140E-3	8.12534E-4	-4.29156E-6	6.36939E-4	-9.70213E-7	-3.49248E-10	0.00000E+0	0.00000E+0	2.00030E+0	0.00000E+0
5.15220E+0	-4.17140E-3	8.12534E-4	-4.05314E-6	7.37313E-4	-9.69980E-7	-2.91040E-10	0.00000E+0	0.00000E+0	2.00140E+0	0.00000E+0
5.16930E+0	-4.17140E-3	8.12534E-4	-3.57629E-6	8.51993E-4	-9.69747E-7	-1.74624E-10	0.00000E+0	0.00000E+0	2.00080E+0	0.00000E+0
5.18650E+0	-4.17331E-3	8.13488E-4	-3.69550E-6	9.97074E-4	-9.69456E-7	-1.16416E-10	0.00000E+0	0.00000E+0	1.99990E+0	0.00000E+0
5.20360E+0	-4.17617E-3	8.14442E-4	-4.52998E-6	1.12630E-3	-9.69223E-7	0.00000E+0	0.00000E+0	0.00000E+0	1.99750E+0	0.00000E+0
5.22080E+0	-4.18189E-3	8.15395E-4	-5.12603E-6	1.24789E-3	-9.68990E-7	5.82081E-11	0.00000E+0	0.00000E+0	2.00020E+0	0.00000E+0
5.23790E+0	-4.18952E-3	8.16349E-4	-5.48366E-6	1.37091E-3	-9.68699E-7	1.16416E-10	0.00000E+0	0.00000E+0	2.00030E+0	0.00000E+0
5.25510E+0	-4.20192E-3	8.19210E-4	-5.60287E-6	1.48273E-3	-9.68466E-7	2.32832E-10	0.00000E+0	0.00000E+0	1.99880E+0	0.00000E+0
5.27220E+0	-4.21718E-3	8.23025E-4	-5.84128E-6	1.57989E-3	-9.68234E-7	2.91040E-10	0.00000E+0	0.00000E+0	2.00140E+0	0.00000E+0
5.28940E+0	-4.23720E-3	8.26839E-4	-5.96049E-6	1.66953E-3	-9.68001E-7	2.91040E-10	0.00000E+0	0.00000E+0	2.00150E+0	0.00000E+0
5.30650E+0	-4.26200E-3	8.32561E-4	-5.96049E-6	1.74869E-3	-9.67768E-7	3.49248E-10	0.00000E+0	0.00000E+0	2.00110E+0	0.00000E+0
5.32370E+0	-4.29538E-3	8.39237E-4	-6.07970E-6	1.81473E-3	-9.67535E-7	4.07455E-10	0.00000E+0	0.00000E+0	2.00190E+0	0.00000E+0
5.34090E+0	-4.33543E-3	8.46867E-4	-6.07970E-6	1.86492E-3	-9.67360E-7	4.65665E-10	0.00000E+0	0.00000E+0	1.99960E+0	0.00000E+0
5.35800E+0	-4.37835E-3	8.55450E-4	-6.19891E-6	1.89460E-3	-9.67128E-7	4.65665E-10	0.00000E+0	0.00000E+0	2.00130E+0	0.00000E+0
5.37520E+0	-4.42508E-3	8.65940E-4	-6.07970E-6	1.91308E-3	-9.66953E-7	5.23873E-10	0.00000E+0	0.00000E+0	1.99960E+0	0.00000E+0
5.39230E+0	-4.48325E-3	8.76430E-4	-5.96049E-6	1.92130E-3	-9.66778E-7	5.23873E-10	0.00000E+0	0.00000E+0	2.00340E+0	0.00000E+0
5.40950E+0	-4.54047E-3	8.87875E-4	-5.84128E-6	1.91761E-3	-9.66604E-7	5.23873E-10	0.00000E+0	0.00000E+0	2.00100E+0	0.00000E+0
5.42660E+0	-4.61009E-3	9.01226E-4	-5.60287E-6	1.90366E-3	-9.66429E-7	5.23873E-10	0.00000E+0	0.00000E+0	1.99890E+0	0.00000E+0
5.44380E+0	-4.67780E-3	9.15531E-4	-5.48366E-6	1.88041E-3	-9.66313E-7	5.23873E-10	0.00000E+0	0.00000E+0	1.99930E+0	0.00000E+0
5.46090E+0	-4.74551E-3	9.28883E-4	-5.24524E-6	1.84918E-3	-9.66138E-7	4.65665E-10	0.00000E+0	0.00000E+0	1.99790E+0	0.00000E+0
5.47810E+0	-4.81513E-3	9.43188E-4	-5.00682E-6	1.81139E-3	-9.66080E-7	4.65665E-10	0.00000E+0	0.00000E+0	2.00130E+0	0.00000E+0
5.49520E+0	-4.88856E-3	9.57493E-4	-4.76840E-6	1.76669E-3	-9.65963E-7	4.65665E-10	0.00000E+0	0.00000E+0	2.00110E+0	0.00000E+0
5.51240E+0	-4.95818E-3	9.71798E-4	-4.41077E-6	1.71912E-3	-9.65963E-7	4.65665E-10	0.00000E+0	0.00000E+0	1.99970E+0	0.00000E+0
5.52950E+0	-5.02589E-3	9.84199E-4	-4.17235E-6	1.66930E-3	-9.65905E-7	4.07455E-10	0.00000E+0	0.00000E+0	2.00080E+0	0.00000E+0
5.54670E+0	-5.08979E-3	9.96597E-4	-3.81473E-6	1.61780E-3	-9.65963E-7	3.49248E-10	0.00000E+0	0.00000E+0	1.99840E+0	0.00000E+0
5.56380E+0	-5.15941E-3	1.01090E-3	-3.69550E-6	1.55748E-3	-9.65963E-7	2.91040E-10	0.00000E+0	0.00000E+0	2.00230E+0	0.00000E+0
5.58100E+0	-5.23189E-3	1.02521E-3	-3.33787E-6	1.49620E-3	-9.66080E-7	2.91040E-10	0.00000E+0	0.00000E+0	2.00060E+0	0.00000E+0
5.59820E+0	-5.29864E-3	1.03761E-3	-3.09946E-6	1.43576E-3	-9.66138E-7	2.32832E-10	0.00000E+0	0.00000E+0	1.99760E+0	0.00000E+0
5.61530E+0	-5.36445E-3	1.05000E-3	-2.98025E-6	1.37449E-3	-9.66313E-7	1.74624E-10	0.00000E+0	0.00000E+0	1.99660E+0	0.00000E+0
5.63250E+0	-5.42548E-3	1.06240E-3	-2.50341E-6	1.31524E-3	-9.66429E-7	1.16416E-10	0.00000E+0	0.00000E+0	1.99970E+0	0.00000E+0
5.64960E+0	-5.48652E-3	1.07384E-3	-2.38420E-6	1.25564E-3	-9.66604E-7	5.82081E-11	0.00000E+0	0.00000E+0	2.00060E+0	0.00000E+0
5.66680E+0	-5.53516E-3	1.08243E-3	-2.14578E-6	1.20712E-3	-9.66778E-7	5.82081E-11	0.00000E+0	0.00000E+0	2.00260E+0	0.00000E+0
5.68390E+0	-5.58189E-3	1.09196E-3	-2.02657E-6	1.15670E-3	-9.66895E-7	0.00000E+0	0.00000E+0	0.00000E+0	2.00120E+0	0.00000E+0
5.70110E+0	-5.62862E-3	1.10055E-3	-1.90736E-6	1.10663E-3	-9.67128E-7	-5.82081E-11	0.00000E+0	0.00000E+0	2.00070E+0	0.00000E+0
5.71820E+0	-5.66962E-3	1.10913E-3	-1.66894E-6	1.06061E-3	-9.67302E-7	-1.16416E-10	0.00000E+0	0.00000E+0	1.99940E+0	0.00000E+0
5.73540E+0	-5.70682E-3	1.11581E-3	-1.43052E-6	1.01627E-3	-9.67477E-7	-1.74624E-10	0.00000E+0	0.00000E+0	1.99930E+0	0.00000E+0
5.75250E+0	-5.74115E-3	1.12248E-3	-1.19210E-6	9.72632E-4	-9.67710E-7	-2.32832E-10	0.00000E+0	0.00000E+0	1.99770E+0	0.00000E+0
5.76970E+0	-5.77548E-3	1.12916E-3	-1.07289E-6	9.29836E-4	-9.67884E-7	-2.91040E-10	0.00000E+0	0.00000E+0	1.99760E+0	0.00000E+0
5.78680E+0	-5.80791E-3	1.13488E-3	-1.07289E-6	8.90497E-4	-9.68059E-7	-3.49248E-10	0.00000E+0	0.00000E+0	2.00090E+0	0.00000E+0
5.80400E+0	-5.83652E-3	1.13965E-3	-8.34469E-7	8.54019E-4	-9.68234E-7	-4.07455E-10	0.00000E+0	0.00000E+0	1.99990E+0	0.00000E+0
5.82120E+0	-5.86513E-3	1.14537E-3	-8.34469E-7	8.18375E-4	-9.68466E-7	-4.07455E-10	0.00000E+0	0.00000E+0	2.00160E+0	0.00000E+0
5.83830E+0	-5.89183E-3	1.15109E-3	-7.15259E-7	7.86427E-4	-9.68641E-7	-4.65665E-10	0.00000E+0	0.00000E+0	1.99620E+0	0.00000E+0
5.85550E+0	-5.91376E-3	1.15491E-3	-7.15259E-7	7.56506E-4	-9.68757E-7	-5.23873E-10	0.00000E+0	0.00000E+0	2.00270E+0	0.00000E+0
5.87260E+0	-5.93570E-3	1.15872E-3	-5.96050E-7	7.27180E-4	-9.68932E-7	-5.82080E-10	0.00000E+0	0.00000E+0	2.00220E+0	0.00000E+0
5.88980E+0	-5.95573E-3	1.16254E-3	-4.76841E-7	6.98689E-4	-9.69107E-7	-5.82080E-10	0.00000E+0	0.00000E+0	2.00280E+0	0.00000E+0
5.90690E+0	-5.97575E-3	1.16635E-3	-3.57630E-7	6.69602E-4	-9.69339E-7	-6.40288E-10	0.00000E+0	0.00000E+0	1.99890E+0	0.00000E+0
5.92410E+0	-5.99483E-3	1.16921E-3	-3.57630E-7	6.43615E-4	-9.69456E-7	-6.40288E-10	0.00000E+0	0.00000E+0	2.00060E+0	0.00000E+0
5.94120E+0	-6.01104E-3	1.17303E-3	-2.38420E-7	6.18700E-4	-9.69630E-7	-6.98495E-10	0.00000E+0	0.00000E+0	1.99870E+0	0.00000E+0
5.95840E+0	-6.03011E-3	1.17589E-3	-2.38420E-7	5.92832E-4	-9.69805E-7	-7.56703E-10	0.00000E+0	0.00000E+0	2.00060E+0	0.00000E+0
5.97550E+0	-6.04632E-3	1.17970E-3	0.00000E+0	5.69824E-4	-9.69922E-7	-8.14911E-10	0.00000E+0	0.00000E+0	2.00130E+0	0.00000E+0
5.99270E+0	-6.06063E-3	1.18256E-3	0.00000E+0	5.48605E-4	-9.70038E-7	-8.14911E-10	0.00000E+0	0.00000E+0	1.99990E+0	0.00000E+0
6.00980E+0	-6.07589E-3	1.18447E-3	0.00000E+0	5.24882E-4	-9.70213E-7	-8.73118E-10	0.00000E+0	0.00000E+0	1.99800E+0	0.00000E+0
6.02700E+0	-6.09115E-3	1.18733E-3	0.00000E+0	5.02232E-4	-9.70329E-7	-8.73118E-10	0.00000E+0	0.00000E+0	1.99820E+0	0.00000E+0
6.04410E+0	-6.10450E-3	1.18924E-3	1.19210E-7	4.80654E-4	-9.70445E-7	-9.31330E-10	0.00000E+0	0.00000E+0	1.99980E+0	0.00000E+0
6.06130E+0	-6.11594E-3	1.19210E-3	1.19210E-7	4.59792E-4	-9.70562E-7	-9.89537E-10	0.00000E+0	0.00000E+0	1.99760E+0	0.00000E+0
6.07850E+0	-6.12834E-3	1.19401E-3	1.19210E-7	4.37023E-4	-9.70736E-7	-9.89537E-10	0.00000E+0	0.00000E+0	2.00100E+0	0.00000E+0
6.09560E+0	-6.13883E-3	1.19592E-3	1.19210E-7	4.15685E-4	-9.70795E-7	-1.04775E-9	0.00000E+0	0.00000E+0	2.00110E+0	0.00000E+0
6.11280E+0	-6.14837E-3	1.19782E-3	1.19210E-7	3.96492E-4	-9.70969E-7	-1.04775E-9	0.00000E+0	0.00000E+0	1.99880E+0	0.00000E+0
6.12990E+0	-6.15600E-3	1.19973E-3	2.38420E-7	3.77418E-4	-9.71027E-7	-1.04775E-9	0.00000E+0	0.00000E+0	2.00080E+0	0.00000E+0
6.14710E+0	-6.16458E-3	1.19973E-3	2.38420E-7	3.59179E-4	-9.71144E-7	-1.10595E-9	0.00000E+0	0.00000E+0	2.00160E+0	0.00000E+0
6.16420E+0	-6.17221E-3	1.20259E-3	2.38420E-7	3.40702E-4	-9.71260E-7	-1.10595E-9	0.00000E+0	0.00000E+0	2.00190E+0	0.00000E+0
6.18140E+0	-6.17984E-3	1.20259E-3	2.38420E-7	3.23178E-4	-9.71377E-7	-1.16416E-9	0.00000E+0	0.00000E+0	1.99740E+0	0.00000E+0
6.19850E+0	-6.18652E-3	1.20450E-3	2.38420E-7	3.04939E-4	-9.71435E-7	-1.22237E-9	0.00000E+0	0.00000E+0	2.00130E+0	0.00000E+0
6.21570E+0	-6.19319E-3	1.20545E-3	3.57630E-7	2.86819E-4	-9.71551E-7	-1.22237E-9	0.00000E+0	0.00000E+0	2.00120E+0	0.00000E+0
6.23280E+0	-6.19987E-3	1.20641E-3	3.57630E-7	2.68342E-4	-9.71668E-7	-1.22237E-9	0.00000E+0	0.00000E+0	2.00000E+0	0.00000E+0
6.25000E+0	-6.20559E-3	1.20736E-3	3.57630E-7	2.51533E-4	-9.71726E-7	-1.28058E-9	0.00000E+0	0.00000E+0	2.00000E+0	0.00000E+0
6.26710E+0	-6.21036E-3	1.20831E-3	3.57630E-7	2.35678E-4	-9.71842E-7	-1.28058E-9	0.00000E+0	0.00000E+0	2.00150E+0	0.00000E+0
6.28430E+0	-6.21513E-3	1.20831E-3	3.57630E-7	2.19584E-4	-9.71959E-7	-1.28058E-9	0.00000E+0	0.00000E+0	1.99780E+0	0.00000E+0
6.30140E+0	-6.22085E-3	1.21022E-3	3.57630E-7	2.03968E-4	-9.72017E-7	-1.33878E-9	0.00000E+0	0.00000E+0	1.99760E+0	0.00000E+0
6.31860E+0	-6.22466E-3	1.21117E-3	3.57630E-7	1.90021E-4	-9.72075E-7	-1.33878E-9	0.00000E+0	0.00000E+0	2.00070E+0	0.00000E+0
6.33580E+0	-6.22848E-3	1.21117E-3	3.57630E-7	1.77027E-4	-9.72133E-7	-1.33878E-9	0.00000E+0	0.00000E+0	2.00000E+0	0.00000E+0
6.35290E+0	-6.23134E-3	1.21117E-3	3.57630E-7	1.64152E-4	-9.72192E-7	-1.39699E-9	0.00000E+0	0.00000E+0	1.99980E+0	0.00000E+0
6.37010E+0	-6.23515E-3	1.21213E-3	3.57630E-7	1.51278E-4	-9.72308E-7	-1.39699E-9	0.00000E+0	0.00000E+0	1.99780E+0	0.00000E+0
6.38720E+0	-6.23801E-3	1.21308E-3	3.57630E-7	1.38522E-4	-9.72366E-7	-1.45520E-9	0.00000E+0	0.00000E+0	2.00060E+0	0.00000E+0
6.40440E+0	-6.24087E-3	1.21308E-3	3.57630E-7	1.27555E-4	-9.72424E-7	-1.45520E-9	0.00000E+0	0.00000E+0	1.99900E+0	0.00000E+0
6.42150E+0	-6.24374E-3	1.21403E-3	3.57630E-7	1.17183E-4	-9.72483E-7	-1.45520E-9	0.00000E+0	0.00000E+0	2.00170E+0	0.00000E+0
6.43870E+0	-6.24469E-3	1.21403E-3	3.57630E-7	1.07766E-4	-9.72541E-7	-1.45520E-9	0.00000E+0	0.00000E+0	1.99950E+0	0.00000E+0
6.45580E+0	-6.24564E-3	1.21403E-3	3.57630E-7	9.95402E-5	-9.72599E-7	-1.51341E-9	0.00000E+0	0.00000E+0	1.99930E+0	0.00000E+0
6.47300E+0	-6.24850E-3	1.21499E-3	3.57630E-7	8.95266E-5	-9.72599E-7	-1.51341E-9	0.00000E+0	0.00000E+0	2.00100E+0	0.00000E+0
6.49010E+0	-6.25041E-3	1.21499E-3	3.57630E-7	7.90362E-5	-9.72657E-7	-1.51341E-9	0.00000E+0	0.00000E+0	1.99980E+0	0.00000E+0
6.50730E+0	-6.25232E-3	1.21499E-3	3.57630E-7	7.09300E-5	-9.72715E-7	-1.51341E-9	0.00000E+0	0.00000E+0	1.99970E+0	0.00000E+0
6.52440E+0	-6.25423E-3	1.21499E-3	3.57630E-7	6.40159E-5	-9.72774E-7	-1.51341E-9	0.00000E+0	0.00000E+0	1.99880E+0	0.00000E+0
6.54160E+0	-6.25518E-3	1.21594E-3	3.57630E-7	5.73399E-5	-9.72832E-7	-1.51341E-9	0.00000E+0	0.00000E+0	2.00400E+0	0.00000E+0
6.55870E+0	-6.25709E-3	1.21594E-3	3.57630E-7	5.05450E-5	-9.72832E-7	-1.51341E-9	0.00000E+0	0.00000E+0	1.99790E+0	0.00000E+0
6.57590E+0	-6.25899E-3	1.21594E-3	3.57630E-7	4.42269E-5	-9.72832E-7	-1.57161E-9	0.00000E+0	0.00000E+0	2.00180E+0	0.00000E+0
6.59310E+0	-6.25899E-3	1.21690E-3	3.57630E-7	3.91009E-5	-9.72890E-7	-1.57161E-9	0.00000E+0	0.00000E+0	2.00340E+0	0.00000E+0
6.61020E+0	-6.26090E-3	1.21690E-3	3.57630E-7	3.37365E-5	-9.72890E-7	-1.57161E-9	0.00000E+0	0.00000E+0	2.00060E+0	0.00000E+0
6.62740E+0	-6.26186E-3	1.21690E-3	3.57630E-7	2.90872E-5	-9.72890E-7	-1.57161E-9	0.00000E+0	0.00000E+0	1.99900E+0	0.00000E+0
6.64450E+0	-6.26186E-3	1.21690E-3	3.57630E-7	2.55109E-5	-9.72890E-7	-1.57161E-9	0.00000E+0	0.00000E+0	2.00010E+0	0.00000E+0
6.66170E+0	-6.26281E-3	1.21785E-3	3.57630E-7	2.18154E-5	-9.72948E-7	-1.57161E-9	0.00000E+0	0.00000E+0	1.99980E+0	0.00000E+0
6.67880E+0	-6.26376E-3	1.21785E-3	2.38420E-7	1.84776E-5	-9.72948E-7	-1.57161E-9	0.00000E+0	0.00000E+0	2.00160E+0	0.00000E+0
6.69600E+0	-6.26376E-3	1.21785E-3	2.38420E-7	1.54973E-5	-9.73007E-7	-1.57161E-9	0.00000E+0	0.00000E+0	2.00150E+0	0.00000E+0
6.71310E+0	-6.26376E-3	1.21785E-3	2.38420E-7	1.26362E-5	-9.73007E-7	-1.57161E-9	0.00000E+0	0.00000E+0	1.99940E+0	0.00000E+0
6.73030E+0	-6.26472E-3	1.21785E-3	2.38420E-7	1.01328E-5	-9.73007E-7	-1.57161E-9	0.00000E+0	0.00000E+0	2.00010E+0	0.00000E+0
6.74740E+0	-6.26567E-3	1.21785E-3	2.38420E-7	7.98708E-6	-9.73007E-7	-1.57161E-9	0.00000E+0	0.00000E+0	2.00140E+0	0.00000E+0
6.76460E+0	-6.26567E-3	1.21880E-3	2.38420E-7	6.07970E-6	-9.73007E-7	-1.57161E-9	0.00000E+0	0.00000E+0	1.99980E+0	0.00000E+0
6.78170E+0	-6.26567E-3	1.21880E-3	2.38420E-7	4.29156E-6	-9.73007E-7	-1.57161E-9	0.00000E+0	0.00000E+0	1.99970E+0	0.00000E+0
6.79890E+0	-6.26567E-3	1.21976E-3	2.38420E-7	2.98025E-6	-9.73007E-7	-1.57161E-9	0.00000E+0	0.00000E+0	1.99950E+0	0.00000E+0
6.81610E+0	-6.26567E-3	1.21976E-3	2.38420E-7	2.02657E-6	-9.73007E-7	-1.57161E-9	0.00000E+0	0.00000E+0	2.00060E+0	0.00000E+0
6.83320E+0	-6.26567E-3	1.21976E-3	1.19210E-7	1.31131E-6	-9.73007E-7	-1.57161E-9	0.00000E+0	0.00000E+0	1.99950E+0	0.00000E+0
6.85040E+0	-6.26567E-3	1.21976E-3	2.38420E-7	5.96050E-7	-9.73007E-7	-1.57161E-9	0.00000E+0	0.00000E+0	2.00120E+0	0.00000E+0
6.86750E+0	-6.26567E-3	1.21976E-3	2.38420E-7	1.19210E-7	-9.73007E-7	-1.57161E-9	0.00000E+0	0.00000E+0	2.00020E+0	0.00000E+0
6.88470E+0	-6.26567E-3	1.21976E-3	1.19210E-7	-2.38420E-7	-9.73007E-7	-1.57161E-9	0.00000E+0	0.00000E+0	1.99950E+0	0.00000E+0
6.90180E+0	-6.26567E-3	1.22071E-3	1.19210E-7	-4.76841E-7	-9.73007E-7	-1.57161E-9	0.00000E+0	0.00000E+0	2.00140E+0	0.00000E+0
6.91900E+0	-6.26567E-3	1.22071E-3	1.19210E-7	-5.96050E-7	-9.73007E-7	-1.51341E-9	0.00000E+0	0.00000E+0	2.00200E+0	0.00000E+0
6.93610E+0	-6.26472E-3	1.22166E-3	0.00000E+0	-8.34469E-7	-9.72948E-7	-1.51341E-9	0.00000E+0	0.00000E+0	1.99860E+0	0.00000E+0
6.95330E+0	-6.26472E-3	1.22166E-3	0.00000E+0	-9.53682E-7	-9.72948E-7	-1.51341E-9	0.00000E+0	0.00000E+0	1.99800E+0	0.00000E+0
6.97040E+0	-6.26472E-3	1.22166E-3	0.00000E+0	-9.53682E-7	-9.72948E-7	-1.51341E-9	0.00000E+0	0.00000E+0	2.00220E+0	0.00000E+0
6.98760E+0	-6.26376E-3	1.22166E-3	-1.19210E-7	-1.07289E-6	-9.72890E-7	-1.51341E-9	0.00000E+0	0.00000E+0	1.99920E+0	0.00000E+0
7.00470E+0	-6.26376E-3	1.22166E-3	-1.19210E-7	-1.07289E-6	-9.72890E-7	-1.51341E-9	0.00000E+0	0.00000E+0	2.00080E+0	0.00000E+0
7.02190E+0	-6.26376E-3	1.22262E-3	-2.38420E-7	-1.07289E-6	-9.72832E-7	-1.51341E-9	0.00000E+0	0.00000E+0	2.00230E+0	0.00000E+0
7.03900E+0	-6.26376E-3	1.22262E-3	-2.38420E-7	-1.07289E-6	-9.72832E-7	-1.51341E-9	0.00000E+0	0.00000E+0	2.00110E+0	0.00000E+0
7.05620E+0	-6.26281E-3	1.22357E-3	-2.38420E-7	-1.07289E-6	-9.72832E-7	-1.45520E-9	0.00000E+0	0.00000E+0	1.99980E+0	0.00000E+0
7.07340E+0	-6.26281E-3	1.22453E-3	-2.38420E-7	-1.07289E-6	-9.72774E-7	-1.45520E-9	0.00000E+0	0.00000E+0	2.00120E+0	0.00000E+0
7.09050E+0	-6.26186E-3	1.22453E-3	-3.57630E-7	-1.07289E-6	-9.72774E-7	-1.45520E-9	0.00000E+0	0.00000E+0	2.00010E+0	0.00000E+0
7.10770E+0	-6.26186E-3	1.22453E-3	-3.57630E-7	-1.07289E-6	-9.72715E-7	-1.45520E-9	0.00000E+0	0.00000E+0	2.00210E+0	0.00000E+0
7.12480E+0	-6.26186E-3	1.22453E-3	-3.57630E-7	-1.07289E-6	-9.72657E-7	-1.45520E-9	0.00000E+0	0.00000E+0	2.00160E+0	0.00000E+0
7.14200E+0	-6.26090E-3	1.22548E-3	-4.76841E-7	-9.53682E-7	-9.72657E-7	-1.39699E-9	0.00000E+0	0.00000E+0	1.99860E+0	0.00000E+0
7.15910E+0	-6.25995E-3	1.22643E-3	-4.76841E-7	-1.07289E-6	-9.72599E-7	-1.39699E-9	0.00000E+0	0.00000E+0	1.99950E+0	0.00000E+0
7.17630E+0	-6.25995E-3	1.22643E-3	-4.76841E-7	-1.07289E-6	-9.72541E-7	-1.33878E-9	0.00000E+0	0.00000E+0	2.00000E+0	0.00000E+0
7.19340E+0	-6.25899E-3	1.22643E-3	-4.76841E-7	-1.07289E-6	-9.72541E-7	-1.33878E-9	0.00000E+0	0.00000E+0	1.99680E+0	0.00000E+0
7.21060E+0	-6.25899E-3	1.22643E-3	-7.15259E-7	-1.07289E-6	-9.72424E-7	-1.33878E-9	0.00000E+0	0.00000E+0	2.00120E+0	0.00000E+0
7.22770E+0	-6.25899E-3	1.22643E-3	-7.15259E-7	-9.53682E-7	-9.72366E-7	-1.28058E-9	0.00000E+0	0.00000E+0	2.00080E+0	0.00000E+0
7.24490E+0	-6.25804E-3	1.22643E-3	-7.15259E-7	-1.07289E-6	-9.72308E-7	-1.28058E-9	0.00000E+0	0.00000E+0	2.00320E+0	0.00000E+0
7.26200E+0	-6.25709E-3	1.22739E-3	-8.34469E-7	-1.07289E-6	-9.72250E-7	-1.28058E-9	0.00000E+0	0.00000E+0	2.00110E+0	0.00000E+0
7.27920E+0	-6.25709E-3	1.22739E-3	-8.34469E-7	-1.07289E-6	-9.72192E-7	-1.22237E-9	0.00000E+0	0.00000E+0	1.99900E+0	0.00000E+0
7.29630E+0	-6.25613E-3	1.22739E-3	-8.34469E-7	-1.07289E-6	-9.72075E-7	-1.22237E-9	0.00000E+0	0.00000E+0	2.00130E+0	0.00000E+0
7.31350E+0	-6.25613E-3	1.22834E-3	-8.34469E-7	-1.19210E-6	-9.72017E-7	-1.16416E-9	0.00000E+0	0.00000E+0	1.99980E+0	0.00000E+0
7.33070E+0	-6.25518E-3	1.22834E-3	-8.34469E-7	-1.19210E-6	-9.71901E-7	-1.10595E-9	0.00000E+0	0.00000E+0	2.00190E+0	0.00000E+0
7.34780E+0	-6.25518E-3	1.22834E-3	-9.53682E-7	-1.19210E-6	-9.71842E-7	-1.10595E-9	0.00000E+0	0.00000E+0	2.00100E+0	0.00000E+0
7.36500E+0	-6.25518E-3	1.22834E-3	-1.07289E-6	-1.19210E-6	-9.71726E-7	-1.04775E-9	0.00000E+0	0.00000E+0	2.00120E+0	0.00000E+0
7.38210E+0	-6.25423E-3	1.22834E-3	-1.07289E-6	-1.31131E-6	-9.71610E-7	-1.04775E-9	0.00000E+0	0.00000E+0	1.99780E+0	0.00000E+0
7.39930E+0	-6.25327E-3	1.22834E-3	-1.19210E-6	-1.43052E-6	-9.71493E-7	-9.89537E-10	0.00000E+0	0.00000E+0	2.00030E+0	0.00000E+0
7.41640E+0	-6.25232E-3	1.22834E-3	-1.31131E-6	-1.43052E-6	-9.71377E-7	-9.89537E-10	0.00000E+0	0.00000E+0	2.00090E+0	0.00000E+0
7.43360E+0	-6.25232E-3	1.22834E-3	-1.43052E-6	-1.54973E-6	-9.71260E-7	-8.73118E-10	0.00000E+0	0.00000E+0	2.00160E+0	0.00000E+0
7.45070E+0	-6.25136E-3	1.22929E-3	-1.54973E-6	-1.78815E-6	-9.71144E-7	-8.73118E-10	0.00000E+0	0.00000E+0	2.00170E+0	0.00000E+0
7.46790E+0	-6.25041E-3	1.22834E-3	-1.78815E-6	-1.90736E-6	-9.70969E-7	-8.14911E-10	0.00000E+0	0.00000E+0	1.99740E+0	0.00000E+0
7.48500E+0	-6.25041E-3	1.22834E-3	-2.02657E-6	-2.02657E-6	-9.70853E-7	-7.56703E-10	0.00000E+0	0.00000E+0	2.00070E+0	0.00000E+0
7.50220E+0	-6.24946E-3	1.22834E-3	-2.14578E-6	-2.14578E-6	-9.70736E-7	-7.56703E-10	0.00000E+0	0.00000E+0	1.99900E+0	0.00000E+0
7.51930E+0	-6.24850E-3	1.22834E-3	-2.38420E-6	-2.26499E-6	-9.70562E-7	-6.40288E-10	0.00000E+0	0.00000E+0	2.00030E+0	0.00000E+0
7.53650E+0	-6.24850E-3	1.22834E-3	-2.62262E-6	-2.26499E-6	-9.70445E-7	-6.40288E-10	0.00000E+0	0.00000E+0	2.00100E+0	0.00000E+0
7.55370E+0	-6.24755E-3	1.22834E-3	-2.74183E-6	-2.26499E-6	-9.70271E-7	-5.82080E-10	0.00000E+0	0.00000E+0	2.00110E+0	0.00000E+0
7.57080E+0	-6.24660E-3	1.22834E-3	-3.09946E-6	-2.14578E-6	-9.70096E-7	-5.23873E-10	0.00000E+0	0.00000E+0	1.99830E+0	0.00000E+0
7.58800E+0	-6.24564E-3	1.22834E-3	-3.33787E-6	-1.43052E-6	-9.69980E-7	-5.23873E-10	0.00000E+0	0.00000E+0	2.00020E+0	0.00000E+0
7.60510E+0	-6.24564E-3	1.22834E-3	-3.57629E-6	-3.57630E-7	-9.69805E-7	-4.07455E-10	0.00000E+0	0.00000E+0	2.00080E+0	0.00000E+0
7.62230E+0	-6.24469E-3	1.22834E-3	-3.93394E-6	1.43052E-6	-9.69630E-7	-3.49248E-10	0.00000E+0	0.00000E+0	2.00170E+0	0.00000E+0
7.63940E+0	-6.24374E-3	1.22739E-3	-4.17235E-6	3.93394E-6	-9.69398E-7	-3.49248E-10	0.00000E+0	0.00000E+0	2.00070E+0	0.00000E+0
7.65660E+0	-6.24278E-3	1.22739E-3	-4.41077E-6	7.15259E-6	-9.69223E-7	-2.91040E-10	0.00000E+0	0.00000E+0	1.99980E+0	0.00000E+0
7.67370E+0	-6.24278E-3	1.22739E-3	-4.76840E-6	1.00136E-5	-9.69165E-7	-2.91040E-10	0.00000E+0	0.00000E+0	2.00050E+0	0.00000E+0
7.69090E+0	-6.24278E-3	1.22834E-3	-4.88761E-6	1.01328E-5	-9.69165E-7	-2.91040E-10	0.00000E+0	0.00000E+0	1.99990E+0	0.00000E+0
7.70000E+0	-6.24278E-3	1.22739E-3	-4.88761E-6	1.08481E-5	-9.69165E-7	-2.91040E-10	0.00000E+0	0.00000E+0	1.99770E+0	0.00000E+0
