B (T)	X1(V)	Y1 (V)	X2(V)	Y2(V)	X3 (V)	Y3 (V)	X4 (V)	Y4 (V)	SensA (V)	SensB (V)
0.00000E+0	-6.24183E-3	1.22739E-3	1.54000E-3	2.38420E-7	-9.69165E-7	-2.91040E-10	0.00000E+0	0.00000E+0	2.00000E+0	0.00000E+0
0.00000E+0	-6.24278E-3	1.22739E-3	1.09673E-5	-5.00682E-6	-9.69281E-7	-2.91040E-10	0.00000E+0	0.00000E+0	1.99960E+0	0.00000E+0
0.00000E+0	-6.23897E-3	1.22739E-3	5.00682E-6	-4.76840E-6	-9.69398E-7	-3.49248E-10	0.00000E+0	0.00000E+0	1.99880E+0	0.00000E+0
7.69630E+0	-6.23897E-3	1.22739E-3	4.05314E-6	-4.76840E-6	-9.69514E-7	-4.07455E-10	0.00000E+0	0.00000E+0	2.00050E+0	0.00000E+0
7.67920E+0	-6.23897E-3	1.22643E-3	5.96049E-6	-4.29156E-6	-9.69689E-7	-4.65665E-10	0.00000E+0	0.00000E+0	2.00030E+0	0.00000E+0
7.66200E+0	-6.23897E-3	1.22739E-3	7.62945E-6	-4.05314E-6	-9.69805E-7	-5.23873E-10	0.00000E+0	0.00000E+0	1.99920E+0	0.00000E+0
7.64490E+0	-6.23897E-3	1.22739E-3	9.77522E-6	-3.81473E-6	-9.69980E-7	-5.23873E-10	0.00000E+0	0.00000E+0	2.00010E+0	0.00000E+0
7.62770E+0	-6.23801E-3	1.22739E-3	1.23978E-5	-3.57629E-6	-9.70154E-7	-5.82080E-10	0.00000E+0	0.00000E+0	2.00060E+0	0.00000E+0
7.61060E+0	-6.23801E-3	1.22643E-3	1.52589E-5	-3.33787E-6	-9.70271E-7	-6.40288E-10	0.00000E+0	0.00000E+0	1.99820E+0	0.00000E+0
7.59340E+0	-6.23801E-3	1.22643E-3	1.76431E-5	-3.33787E-6	-9.70445E-7	-6.40288E-10	0.00000E+0	0.00000E+0	2.00090E+0	0.00000E+0
7.57630E+0	-6.23706E-3	1.22643E-3	2.05041E-5	-2.86104E-6	-9.70504E-7	-7.56703E-10	0.00000E+0	0.00000E+0	1.99960E+0	0.00000E+0
7.55910E+0	-6.23706E-3	1.22643E-3	2.36036E-5	-2.86104E-6	-9.70678E-7	-7.56703E-10	0.00000E+0	0.00000E+0	1.99800E+0	0.00000E+0
7.54200E+0	-6.23706E-3	1.22643E-3	2.64646E-5	-2.62262E-6	-9.70795E-7	-8.14911E-10	0.00000E+0	0.00000E+0	1.99860E+0	0.00000E+0
7.52480E+0	-6.23611E-3	1.22643E-3	3.02793E-5	-2.38420E-6	-9.70911E-7	-8.14911E-10	0.00000E+0	0.00000E+0	2.00130E+0	0.00000E+0
7.50770E+0	-6.23611E-3	1.22643E-3	3.38557E-5	-2.38420E-6	-9.70969E-7	-8.73118E-10	0.00000E+0	0.00000E+0	1.99960E+0	0.00000E+0
7.49050E+0	-6.23515E-3	1.22643E-3	3.79088E-5	-2.14578E-6	-9.71086E-7	-8.73118E-10	0.00000E+0	0.00000E+0	2.00040E+0	0.00000E+0
7.47330E+0	-6.23420E-3	1.22643E-3	4.14851E-5	-1.90736E-6	-9.71144E-7	-9.31330E-10	0.00000E+0	0.00000E+0	1.99920E+0	0.00000E+0
7.45620E+0	-6.23325E-3	1.22548E-3	4.60150E-5	-1.90736E-6	-9.71260E-7	-9.89537E-10	0.00000E+0	0.00000E+0	1.99850E+0	0.00000E+0
7.43900E+0	-6.23134E-3	1.22453E-3	5.12602E-5	-1.66894E-6	-9.71319E-7	-9.89537E-10	0.00000E+0	0.00000E+0	2.00000E+0	0.00000E+0
7.42190E+0	-6.22943E-3	1.22453E-3	5.74591E-5	-1.66894E-6	-9.71377E-7	-1.04775E-9	0.00000E+0	0.00000E+0	2.00210E+0	0.00000E+0
7.40470E+0	-6.22752E-3	1.22453E-3	6.36582E-5	-1.43052E-6	-9.71435E-7	-1.04775E-9	0.00000E+0	0.00000E+0	2.00070E+0	0.00000E+0
7.38760E+0	-6.22466E-3	1.22357E-3	6.96187E-5	-1.43052E-6	-9.71493E-7	-1.04775E-9	0.00000E+0	0.00000E+0	2.00080E+0	0.00000E+0
7.37040E+0	-6.22180E-3	1.22166E-3	7.58176E-5	-1.19210E-6	-9.71551E-7	-1.04775E-9	0.00000E+0	0.00000E+0	1.99950E+0	0.00000E+0
7.35330E+0	-6.21894E-3	1.22166E-3	8.34470E-5	-1.19210E-6	-9.71610E-7	-1.10595E-9	0.00000E+0	0.00000E+0	1.99930E+0	0.00000E+0
7.33610E+0	-6.21703E-3	1.21976E-3	8.98843E-5	-1.19210E-6	-9.71610E-7	-1.10595E-9	0.00000E+0	0.00000E+0	1.99820E+0	0.00000E+0
7.31900E+0	-6.21322E-3	1.21976E-3	9.56063E-5	-1.19210E-6	-9.71668E-7	-1.10595E-9	0.00000E+0	0.00000E+0	2.00030E+0	0.00000E+0
7.30180E+0	-6.20845E-3	1.21785E-3	1.01805E-4	-1.19210E-6	-9.71668E-7	-1.10595E-9	0.00000E+0	0.00000E+0	2.00090E+0	0.00000E+0
7.28470E+0	-6.20368E-3	1.21690E-3	1.09196E-4	-1.19210E-6	-9.71668E-7	-1.10595E-9	0.00000E+0	0.00000E+0	2.00090E+0	0.00000E+0
7.26750E+0	-6.19987E-3	1.21594E-3	1.17541E-4	-9.53682E-7	-9.71668E-7	-1.16416E-9	0.00000E+0	0.00000E+0	2.00190E+0	0.00000E+0
7.25040E+0	-6.19605E-3	1.21499E-3	1.23979E-4	-9.53682E-7	-9.71726E-7	-1.16416E-9	0.00000E+0	0.00000E+0	1.99890E+0	0.00000E+0
7.23320E+0	-6.19128E-3	1.21308E-3	1.31131E-4	-7.15259E-7	-9.71726E-7	-1.16416E-9	0.00000E+0	0.00000E+0	2.00080E+0	0.00000E+0
7.21600E+0	-6.18652E-3	1.21213E-3	1.39953E-4	-7.15259E-7	-9.71726E-7	-1.16416E-9	0.00000E+0	0.00000E+0	1.99960E+0	0.00000E+0
7.19890E+0	-6.18079E-3	1.21117E-3	1.47820E-4	-7.15259E-7	-9.71668E-7	-1.16416E-9	0.00000E+0	0.00000E+0	1.99940E+0	0.00000E+0
7.18170E+0	-6.17698E-3	1.20927E-3	1.56880E-4	-7.15259E-7	-9.71668E-7	-1.16416E-9	0.00000E+0	0.00000E+0	1.99910E+0	0.00000E+0
7.16460E+0	-6.17126E-3	1.20831E-3	1.62841E-4	-7.15259E-7	-9.71668E-7	-1.16416E-9	0.00000E+0	0.00000E+0	1.99980E+0	0.00000E+0
7.14740E+0	-6.16553E-3	1.20641E-3	1.71424E-4	-7.15259E-7	-9.71668E-7	-1.16416E-9	0.00000E+0	0.00000E+0	1.99800E+0	0.00000E+0
7.13030E+0	-6.16077E-3	1.20545E-3	1.79053E-4	-4.76841E-7	-9.71668E-7	-1.16416E-9	0.00000E+0	0.00000E+0	2.00140E+0	0.00000E+0
7.11310E+0	-6.15314E-3	1.20354E-3	1.86683E-4	-4.76841E-7	-9.71668E-7	-1.16416E-9	0.00000E+0	0.00000E+0	2.00220E+0	0.00000E+0
7.09600E+0	-6.14551E-3	1.20259E-3	1.95981E-4	-4.76841E-7	-9.71610E-7	-1.16416E-9	0.00000E+0	0.00000E+0	1.99870E+0	0.00000E+0
7.07880E+0	-6.13979E-3	1.19973E-3	2.05995E-4	-2.38420E-7	-9.71610E-7	-1.10595E-9	0.00000E+0	0.00000E+0	2.00030E+0	0.00000E+0
7.06170E+0	-6.13311E-3	1.19782E-3	2.14101E-4	-2.38420E-7	-9.71551E-7	-1.10595E-9	0.00000E+0	0.00000E+0	1.99900E+0	0.00000E+0
7.04450E+0	-6.12548E-3	1.19592E-3	2.22922E-4	-4.76841E-7	-9.71493E-7	-1.10595E-9	0.00000E+0	0.00000E+0	2.00220E+0	0.00000E+0
7.02740E+0	-6.11785E-3	1.19496E-3	2.32936E-4	-4.76841E-7	-9.71435E-7	-1.10595E-9	0.00000E+0	0.00000E+0	2.00140E+0	0.00000E+0
7.01020E+0	-6.11117E-3	1.19305E-3	2.43426E-4	-4.76841E-7	-9.71435E-7	-1.10595E-9	0.00000E+0	0.00000E+0	2.00040E+0	0.00000E+0
6.99300E+0	-6.10259E-3	1.19115E-3	2.53918E-4	-2.38420E-7	-9.71377E-7	-1.10595E-9	0.00000E+0	0.00000E+0	2.00060E+0	0.00000E+0
6.97590E+0	-6.09401E-3	1.19019E-3	2.65123E-4	0.00000E+0	-9.71319E-7	-1.10595E-9	0.00000E+0	0.00000E+0	2.00150E+0	0.00000E+0
6.95870E+0	-6.08638E-3	1.18733E-3	2.77283E-4	0.00000E+0	-9.71260E-7	-1.04775E-9	0.00000E+0	0.00000E+0	1.99960E+0	0.00000E+0
6.94160E+0	-6.07398E-3	1.18542E-3	2.87296E-4	0.00000E+0	-9.71202E-7	-1.04775E-9	0.00000E+0	0.00000E+0	1.99950E+0	0.00000E+0
6.92440E+0	-6.06635E-3	1.18352E-3	3.02078E-4	0.00000E+0	-9.71144E-7	-1.04775E-9	0.00000E+0	0.00000E+0	2.00100E+0	0.00000E+0
6.90730E+0	-6.05968E-3	1.18256E-3	3.11615E-4	0.00000E+0	-9.71086E-7	-1.04775E-9	0.00000E+0	0.00000E+0	2.00060E+0	0.00000E+0
6.89010E+0	-6.04728E-3	1.17970E-3	3.23536E-4	0.00000E+0	-9.71027E-7	-9.89537E-10	0.00000E+0	0.00000E+0	2.00050E+0	0.00000E+0
6.87300E+0	-6.03965E-3	1.17780E-3	3.38079E-4	0.00000E+0	-9.70911E-7	-9.89537E-10	0.00000E+0	0.00000E+0	1.99970E+0	0.00000E+0
6.85580E+0	-6.03011E-3	1.17589E-3	3.49762E-4	-2.38420E-7	-9.70911E-7	-9.89537E-10	0.00000E+0	0.00000E+0	2.00190E+0	0.00000E+0
6.83870E+0	-6.02248E-3	1.17398E-3	3.63590E-4	-2.38420E-7	-9.70795E-7	-9.89537E-10	0.00000E+0	0.00000E+0	1.99910E+0	0.00000E+0
6.82150E+0	-6.01390E-3	1.17207E-3	3.75750E-4	-4.76841E-7	-9.70736E-7	-9.31330E-10	0.00000E+0	0.00000E+0	1.99820E+0	0.00000E+0
6.80440E+0	-6.00722E-3	1.17112E-3	3.87670E-4	-4.76841E-7	-9.70678E-7	-8.73118E-10	0.00000E+0	0.00000E+0	1.99980E+0	0.00000E+0
6.78720E+0	-5.99769E-3	1.16921E-3	4.01022E-4	-4.76841E-7	-9.70562E-7	-8.73118E-10	0.00000E+0	0.00000E+0	1.99980E+0	0.00000E+0
6.77010E+0	-5.99006E-3	1.16826E-3	4.15804E-4	-4.76841E-7	-9.70504E-7	-8.73118E-10	0.00000E+0	0.00000E+0	2.00100E+0	0.00000E+0
6.75290E+0	-5.98148E-3	1.16540E-3	4.27725E-4	-4.76841E-7	-9.70387E-7	-8.14911E-10	0.00000E+0	0.00000E+0	2.00110E+0	0.00000E+0
6.73570E+0	-5.97003E-3	1.16349E-3	4.42507E-4	-7.15259E-7	-9.70271E-7	-8.14911E-10	0.00000E+0	0.00000E+0	2.00210E+0	0.00000E+0
6.71880E+0	-5.96336E-3	1.16254E-3	4.57289E-4	-4.76841E-7	-9.70271E-7	-8.14911E-10	0.00000E+0	0.00000E+0	1.99920E+0	0.00000E+0
6.70170E+0	-5.95191E-3	1.15968E-3	4.67779E-4	-7.15259E-7	-9.70096E-7	-8.14911E-10	0.00000E+0	0.00000E+0	2.00020E+0	0.00000E+0
6.68450E+0	-5.94047E-3	1.15777E-3	4.85184E-4	-4.76841E-7	-9.70038E-7	-7.56703E-10	0.00000E+0	0.00000E+0	1.99800E+0	0.00000E+0
6.66740E+0	-5.92712E-3	1.15586E-3	5.01160E-4	-2.38420E-7	-9.69863E-7	-7.56703E-10	0.00000E+0	0.00000E+0	2.00240E+0	0.00000E+0
6.65020E+0	-5.91376E-3	1.15300E-3	5.18803E-4	-4.76841E-7	-9.69747E-7	-6.98495E-10	0.00000E+0	0.00000E+0	1.99920E+0	0.00000E+0
6.63310E+0	-5.89851E-3	1.15109E-3	5.39545E-4	-4.76841E-7	-9.69630E-7	-6.40288E-10	0.00000E+0	0.00000E+0	1.99840E+0	0.00000E+0
6.61590E+0	-5.88706E-3	1.14823E-3	5.56234E-4	-4.76841E-7	-9.69572E-7	-6.40288E-10	0.00000E+0	0.00000E+0	1.99690E+0	0.00000E+0
6.59870E+0	-5.87276E-3	1.14537E-3	5.75069E-4	-4.76841E-7	-9.69398E-7	-6.40288E-10	0.00000E+0	0.00000E+0	1.99970E+0	0.00000E+0
6.58160E+0	-5.85178E-3	1.14156E-3	5.94381E-4	-7.15259E-7	-9.69223E-7	-5.82080E-10	0.00000E+0	0.00000E+0	2.00150E+0	0.00000E+0
6.56440E+0	-5.82793E-3	1.13774E-3	6.22991E-4	-4.76841E-7	-9.69107E-7	-5.82080E-10	0.00000E+0	0.00000E+0	2.00040E+0	0.00000E+0
6.54730E+0	-5.81172E-3	1.13393E-3	6.48502E-4	-2.38420E-7	-9.68990E-7	-5.23873E-10	0.00000E+0	0.00000E+0	2.00000E+0	0.00000E+0
6.53010E+0	-5.78216E-3	1.12916E-3	6.70198E-4	-4.76841E-7	-9.68816E-7	-4.65665E-10	0.00000E+0	0.00000E+0	2.00330E+0	0.00000E+0
6.51300E+0	-5.74973E-3	1.12344E-3	7.05723E-4	-2.38420E-7	-9.68699E-7	-4.07455E-10	0.00000E+0	0.00000E+0	2.00010E+0	0.00000E+0
6.49580E+0	-5.72589E-3	1.11962E-3	7.41724E-4	-2.38420E-7	-9.68525E-7	-4.07455E-10	0.00000E+0	0.00000E+0	1.99930E+0	0.00000E+0
6.47870E+0	-5.68584E-3	1.11199E-3	7.66996E-4	-2.38420E-7	-9.68408E-7	-3.49248E-10	0.00000E+0	0.00000E+0	1.99860E+0	0.00000E+0
6.46150E+0	-5.64960E-3	1.10436E-3	8.11581E-4	-2.38420E-7	-9.68234E-7	-3.49248E-10	0.00000E+0	0.00000E+0	1.99910E+0	0.00000E+0
6.44440E+0	-5.61336E-3	1.09769E-3	8.44959E-4	-2.38420E-7	-9.68117E-7	-2.91040E-10	0.00000E+0	0.00000E+0	2.00160E+0	0.00000E+0
6.42720E+0	-5.57426E-3	1.09006E-3	8.83583E-4	0.00000E+0	-9.68001E-7	-2.91040E-10	0.00000E+0	0.00000E+0	1.99570E+0	0.00000E+0
6.41010E+0	-5.51513E-3	1.07861E-3	9.23637E-4	0.00000E+0	-9.67826E-7	-1.74624E-10	0.00000E+0	0.00000E+0	1.99840E+0	0.00000E+0
6.39290E+0	-5.45314E-3	1.06717E-3	9.76570E-4	0.00000E+0	-9.67651E-7	-1.74624E-10	0.00000E+0	0.00000E+0	1.99890E+0	0.00000E+0
6.37580E+0	-5.37589E-3	1.05191E-3	1.03308E-3	0.00000E+0	-9.67535E-7	-1.16416E-10	0.00000E+0	0.00000E+0	1.99920E+0	0.00000E+0
6.35860E+0	-5.31390E-3	1.04047E-3	1.09506E-3	-4.76841E-7	-9.67477E-7	-5.82081E-11	0.00000E+0	0.00000E+0	1.99990E+0	0.00000E+0
6.34140E+0	-5.24715E-3	1.02711E-3	1.14060E-3	-7.15259E-7	-9.67360E-7	0.00000E+0	0.00000E+0	0.00000E+0	1.99970E+0	0.00000E+0
6.32430E+0	-5.18039E-3	1.01376E-3	1.19258E-3	-1.19210E-6	-9.67302E-7	0.00000E+0	0.00000E+0	0.00000E+0	1.99780E+0	0.00000E+0
6.30710E+0	-5.10791E-3	9.98504E-4	1.23621E-3	-1.43052E-6	-9.67302E-7	0.00000E+0	0.00000E+0	0.00000E+0	1.99950E+0	0.00000E+0
6.29000E+0	-5.03638E-3	9.84199E-4	1.28628E-3	-1.90736E-6	-9.67302E-7	5.82081E-11	0.00000E+0	0.00000E+0	2.00090E+0	0.00000E+0
6.27280E+0	-4.96390E-3	9.69891E-4	1.32871E-3	-2.38420E-6	-9.67302E-7	5.82081E-11	0.00000E+0	0.00000E+0	2.00010E+0	0.00000E+0
6.25570E+0	-4.88666E-3	9.53678E-4	1.36734E-3	-2.86104E-6	-9.67360E-7	5.82081E-11	0.00000E+0	0.00000E+0	1.99550E+0	0.00000E+0
6.23850E+0	-4.81609E-3	9.39373E-4	1.40143E-3	-3.09946E-6	-9.67419E-7	1.16416E-10	0.00000E+0	0.00000E+0	1.99720E+0	0.00000E+0
6.22140E+0	-4.74551E-3	9.25068E-4	1.42718E-3	-3.33787E-6	-9.67477E-7	1.16416E-10	0.00000E+0	0.00000E+0	2.00150E+0	0.00000E+0
6.20420E+0	-4.67113E-3	9.09809E-4	1.44721E-3	-3.33787E-6	-9.67593E-7	1.16416E-10	0.00000E+0	0.00000E+0	1.99900E+0	0.00000E+0
6.18710E+0	-4.60437E-3	8.96458E-4	1.45937E-3	-3.33787E-6	-9.67710E-7	1.16416E-10	0.00000E+0	0.00000E+0	2.00050E+0	0.00000E+0
6.16990E+0	-4.53857E-3	8.83106E-4	1.46318E-3	-3.33787E-6	-9.67768E-7	1.16416E-10	0.00000E+0	0.00000E+0	1.99720E+0	0.00000E+0
6.15280E+0	-4.47944E-3	8.71662E-4	1.45722E-3	-3.33787E-6	-9.67884E-7	5.82081E-11	0.00000E+0	0.00000E+0	1.99830E+0	0.00000E+0
6.13560E+0	-4.42412E-3	8.61172E-4	1.44077E-3	-3.33787E-6	-9.68001E-7	5.82081E-11	0.00000E+0	0.00000E+0	1.99830E+0	0.00000E+0
6.11850E+0	-4.37167E-3	8.50681E-4	1.41550E-3	-3.57629E-6	-9.68117E-7	5.82081E-11	0.00000E+0	0.00000E+0	2.00240E+0	0.00000E+0
6.10130E+0	-4.33448E-3	8.43052E-4	1.37139E-3	-3.57629E-6	-9.68175E-7	5.82081E-11	0.00000E+0	0.00000E+0	2.00020E+0	0.00000E+0
6.08410E+0	-4.30205E-3	8.36376E-4	1.33849E-3	-3.33787E-6	-9.68292E-7	0.00000E+0	0.00000E+0	0.00000E+0	2.00210E+0	0.00000E+0
6.06700E+0	-4.26772E-3	8.29700E-4	1.28270E-3	-3.33787E-6	-9.68466E-7	0.00000E+0	0.00000E+0	0.00000E+0	2.00070E+0	0.00000E+0
6.04980E+0	-4.24102E-3	8.25886E-4	1.20474E-3	-2.86104E-6	-9.68583E-7	-1.16416E-10	0.00000E+0	0.00000E+0	1.99880E+0	0.00000E+0
6.03270E+0	-4.22195E-3	8.22071E-4	1.12725E-3	-2.38420E-6	-9.68757E-7	-1.16416E-10	0.00000E+0	0.00000E+0	1.99690E+0	0.00000E+0
6.01550E+0	-4.20573E-3	8.19210E-4	1.04142E-3	-1.66894E-6	-9.68932E-7	-1.74624E-10	0.00000E+0	0.00000E+0	1.99990E+0	0.00000E+0
5.99840E+0	-4.19334E-3	8.16349E-4	9.46049E-4	-1.19210E-6	-9.69107E-7	-2.91040E-10	0.00000E+0	0.00000E+0	1.99580E+0	0.00000E+0
5.98120E+0	-4.18380E-3	8.15395E-4	8.38283E-4	-7.15259E-7	-9.69281E-7	-3.49248E-10	0.00000E+0	0.00000E+0	2.00060E+0	0.00000E+0
5.96410E+0	-4.17808E-3	8.14442E-4	7.23843E-4	0.00000E+0	-9.69456E-7	-4.07455E-10	0.00000E+0	0.00000E+0	2.00010E+0	0.00000E+0
5.94690E+0	-4.17426E-3	8.13488E-4	6.13932E-4	0.00000E+0	-9.69689E-7	-4.65665E-10	0.00000E+0	0.00000E+0	1.99890E+0	0.00000E+0
5.92980E+0	-4.17235E-3	8.13488E-4	4.95438E-4	0.00000E+0	-9.69922E-7	-5.23873E-10	0.00000E+0	0.00000E+0	1.99860E+0	0.00000E+0
5.91260E+0	-4.17045E-3	8.12534E-4	3.88147E-4	-7.15259E-7	-9.70096E-7	-5.82080E-10	0.00000E+0	0.00000E+0	2.00090E+0	0.00000E+0
5.89550E+0	-4.17045E-3	8.12534E-4	2.81097E-4	-1.19210E-6	-9.70213E-7	-6.40288E-10	0.00000E+0	0.00000E+0	1.99930E+0	0.00000E+0
5.87830E+0	-4.17045E-3	8.12534E-4	1.99796E-4	-1.66894E-6	-9.70329E-7	-6.40288E-10	0.00000E+0	0.00000E+0	1.99850E+0	0.00000E+0
5.86110E+0	-4.17045E-3	8.12534E-4	1.50443E-4	-1.66894E-6	-9.70445E-7	-6.98495E-10	0.00000E+0	0.00000E+0	1.99880E+0	0.00000E+0
5.84400E+0	-4.17045E-3	8.12534E-4	1.05620E-4	-1.90736E-6	-9.70504E-7	-7.56703E-10	0.00000E+0	0.00000E+0	1.99910E+0	0.00000E+0
5.82680E+0	-4.17140E-3	8.12534E-4	6.69961E-5	-2.38420E-6	-9.70562E-7	-7.56703E-10	0.00000E+0	0.00000E+0	1.99930E+0	0.00000E+0
5.80970E+0	-4.17235E-3	8.12534E-4	3.40941E-5	-2.86104E-6	-9.70620E-7	-7.56703E-10	0.00000E+0	0.00000E+0	2.00110E+0	0.00000E+0
5.79250E+0	-4.17235E-3	8.12534E-4	1.85968E-5	-3.09946E-6	-9.70678E-7	-7.56703E-10	0.00000E+0	0.00000E+0	1.99930E+0	0.00000E+0
5.77540E+0	-4.17235E-3	8.12534E-4	1.02521E-5	-3.33787E-6	-9.70678E-7	-7.56703E-10	0.00000E+0	0.00000E+0	1.99720E+0	0.00000E+0
5.75820E+0	-4.17235E-3	8.12534E-4	5.48366E-6	-3.33787E-6	-9.70678E-7	-8.14911E-10	0.00000E+0	0.00000E+0	1.99940E+0	0.00000E+0
5.74110E+0	-4.17235E-3	8.12534E-4	9.53682E-7	-3.33787E-6	-9.70736E-7	-8.14911E-10	0.00000E+0	0.00000E+0	2.00120E+0	0.00000E+0
5.72390E+0	-4.17235E-3	8.12534E-4	-1.43052E-6	-3.33787E-6	-9.70736E-7	-8.14911E-10	0.00000E+0	0.00000E+0	1.99970E+0	0.00000E+0
5.70680E+0	-4.17235E-3	8.12534E-4	-2.86104E-6	-3.33787E-6	-9.70736E-7	-8.14911E-10	0.00000E+0	0.00000E+0	2.00000E+0	0.00000E+0
5.68960E+0	-4.17235E-3	8.12534E-4	-3.33787E-6	-3.33787E-6	-9.70736E-7	-8.14911E-10	0.00000E+0	0.00000E+0	2.00080E+0	0.00000E+0
5.67250E+0	-4.17235E-3	8.12534E-4	-3.81473E-6	-3.33787E-6	-9.70736E-7	-8.14911E-10	0.00000E+0	0.00000E+0	2.00130E+0	0.00000E+0
5.65530E+0	-4.17331E-3	8.12534E-4	-4.05314E-6	-3.57629E-6	-9.70795E-7	-8.14911E-10	0.00000E+0	0.00000E+0	1.99930E+0	0.00000E+0
5.63820E+0	-4.17331E-3	8.12534E-4	-4.05314E-6	-3.57629E-6	-9.70795E-7	-8.14911E-10	0.00000E+0	0.00000E+0	1.99920E+0	0.00000E+0
5.62100E+0	-4.17331E-3	8.12534E-4	-4.05314E-6	-3.57629E-6	-9.70795E-7	-8.14911E-10	0.00000E+0	0.00000E+0	2.00090E+0	0.00000E+0
5.60380E+0	-4.17331E-3	8.12534E-4	-4.05314E-6	-3.57629E-6	-9.70795E-7	-8.14911E-10	0.00000E+0	0.00000E+0	1.99790E+0	0.00000E+0
5.58670E+0	-4.17331E-3	8.12534E-4	-4.05314E-6	-3.81473E-6	-9.70853E-7	-8.14911E-10	0.00000E+0	0.00000E+0	1.99970E+0	0.00000E+0
5.56950E+0	-4.17331E-3	8.12534E-4	-4.05314E-6	-3.81473E-6	-9.70853E-7	-8.14911E-10	0.00000E+0	0.00000E+0	1.99840E+0	0.00000E+0
5.55240E+0	-4.17331E-3	8.12534E-4	-4.05314E-6	-3.81473E-6	-9.70853E-7	-8.14911E-10	0.00000E+0	0.00000E+0	2.00020E+0	0.00000E+0
5.53520E+0	-4.17331E-3	8.12534E-4	-4.05314E-6	-4.05314E-6	-9.70911E-7	-8.14911E-10	0.00000E+0	0.00000E+0	1.99970E+0	0.00000E+0
5.51810E+0	-4.17331E-3	8.12534E-4	-4.05314E-6	-4.05314E-6	-9.70911E-7	-8.14911E-10	0.00000E+0	0.00000E+0	1.99930E+0	0.00000E+0
5.50090E+0	-4.17331E-3	8.12534E-4	-4.05314E-6	-4.05314E-6	-9.70911E-7	-8.14911E-10	0.00000E+0	0.00000E+0	1.99740E+0	0.00000E+0
5.48380E+0	-4.17331E-3	8.12534E-4	-3.81473E-6	-4.05314E-6	-9.70911E-7	-8.14911E-10	0.00000E+0	0.00000E+0	1.99710E+0	0.00000E+0
5.46660E+0	-4.17331E-3	8.12534E-4	-3.33787E-6	-4.05314E-6	-9.70911E-7	-8.14911E-10	0.00000E+0	0.00000E+0	1.99960E+0	0.00000E+0
5.44950E+0	-4.17331E-3	8.12534E-4	-3.09946E-6	-4.05314E-6	-9.70911E-7	-8.14911E-10	0.00000E+0	0.00000E+0	1.99920E+0	0.00000E+0
5.43230E+0	-4.17331E-3	8.12534E-4	-2.38420E-6	-4.05314E-6	-9.70911E-7	-8.14911E-10	0.00000E+0	0.00000E+0	2.00050E+0	0.00000E+0
5.41520E+0	-4.17331E-3	8.12534E-4	-9.53682E-7	-4.29156E-6	-9.70911E-7	-8.14911E-10	0.00000E+0	0.00000E+0	2.00030E+0	0.00000E+0
5.39800E+0	-4.17331E-3	8.12534E-4	9.53682E-7	-4.29156E-6	-9.70911E-7	-8.14911E-10	0.00000E+0	0.00000E+0	1.99700E+0	0.00000E+0
5.38090E+0	-4.17331E-3	8.12534E-4	2.62262E-6	-4.29156E-6	-9.70911E-7	-8.14911E-10	0.00000E+0	0.00000E+0	1.99860E+0	0.00000E+0
5.36370E+0	-4.17235E-3	8.12534E-4	5.96049E-6	-4.29156E-6	-9.70911E-7	-8.14911E-10	0.00000E+0	0.00000E+0	1.99910E+0	0.00000E+0
5.34650E+0	-4.17140E-3	8.12534E-4	9.77522E-6	-4.52998E-6	-9.70911E-7	-7.56703E-10	0.00000E+0	0.00000E+0	1.99770E+0	0.00000E+0
5.32940E+0	-4.17045E-3	8.12534E-4	1.38283E-5	-4.52998E-6	-9.70911E-7	-7.56703E-10	0.00000E+0	0.00000E+0	2.00140E+0	0.00000E+0
5.31220E+0	-4.17045E-3	8.12534E-4	1.81199E-5	-4.52998E-6	-9.70911E-7	-7.56703E-10	0.00000E+0	0.00000E+0	2.00300E+0	0.00000E+0
5.29510E+0	-4.17045E-3	8.12534E-4	2.33651E-5	-4.52998E-6	-9.70911E-7	-7.56703E-10	0.00000E+0	0.00000E+0	2.00060E+0	0.00000E+0
5.27790E+0	-4.17045E-3	8.11581E-4	2.86103E-5	-4.52998E-6	-9.70911E-7	-7.56703E-10	0.00000E+0	0.00000E+0	1.99760E+0	0.00000E+0
5.26080E+0	-4.17045E-3	8.12534E-4	3.40941E-5	-4.52998E-6	-9.70853E-7	-7.56703E-10	0.00000E+0	0.00000E+0	1.99930E+0	0.00000E+0
5.24360E+0	-4.17045E-3	8.12534E-4	4.05314E-5	-4.76840E-6	-9.70795E-7	-7.56703E-10	0.00000E+0	0.00000E+0	2.00010E+0	0.00000E+0
5.22650E+0	-4.16949E-3	8.12534E-4	4.81608E-5	-4.52998E-6	-9.70795E-7	-7.56703E-10	0.00000E+0	0.00000E+0	2.00040E+0	0.00000E+0
5.20930E+0	-4.16854E-3	8.12534E-4	5.53133E-5	-4.52998E-6	-9.70795E-7	-7.56703E-10	0.00000E+0	0.00000E+0	1.99800E+0	0.00000E+0
5.19220E+0	-4.16854E-3	8.12534E-4	6.31814E-5	-4.76840E-6	-9.70795E-7	-7.56703E-10	0.00000E+0	0.00000E+0	1.99930E+0	0.00000E+0
5.17500E+0	-4.16854E-3	8.12534E-4	7.20029E-5	-4.76840E-6	-9.70795E-7	-6.98495E-10	0.00000E+0	0.00000E+0	1.99870E+0	0.00000E+0
5.15790E+0	-4.16759E-3	8.12534E-4	8.10628E-5	-4.52998E-6	-9.70736E-7	-6.98495E-10	0.00000E+0	0.00000E+0	1.99990E+0	0.00000E+0
5.14070E+0	-4.16663E-3	8.12534E-4	9.13148E-5	-4.76840E-6	-9.70736E-7	-6.98495E-10	0.00000E+0	0.00000E+0	1.99830E+0	0.00000E+0
5.12350E+0	-4.16568E-3	8.12534E-4	1.02282E-4	-4.76840E-6	-9.70736E-7	-6.98495E-10	0.00000E+0	0.00000E+0	1.99930E+0	0.00000E+0
5.10640E+0	-4.16377E-3	8.11581E-4	1.15395E-4	-4.52998E-6	-9.70736E-7	-6.40288E-10	0.00000E+0	0.00000E+0	2.00030E+0	0.00000E+0
5.08920E+0	-4.16091E-3	8.11581E-4	1.28032E-4	-4.52998E-6	-9.70678E-7	-6.40288E-10	0.00000E+0	0.00000E+0	2.00190E+0	0.00000E+0
5.07210E+0	-4.15710E-3	8.10627E-4	1.43290E-4	-4.52998E-6	-9.70678E-7	-6.40288E-10	0.00000E+0	0.00000E+0	1.99920E+0	0.00000E+0
5.05490E+0	-4.15424E-3	8.09673E-4	1.59265E-4	-4.52998E-6	-9.70678E-7	-6.40288E-10	0.00000E+0	0.00000E+0	1.99710E+0	0.00000E+0
5.03780E+0	-4.14947E-3	8.09673E-4	1.73808E-4	-4.52998E-6	-9.70678E-7	-6.40288E-10	0.00000E+0	0.00000E+0	1.99870E+0	0.00000E+0
5.02060E+0	-4.14470E-3	8.08720E-4	1.90974E-4	-4.29156E-6	-9.70620E-7	-6.40288E-10	0.00000E+0	0.00000E+0	2.00060E+0	0.00000E+0
5.00350E+0	-4.13802E-3	8.07766E-4	2.09332E-4	-4.05314E-6	-9.70562E-7	-6.40288E-10	0.00000E+0	0.00000E+0	1.99840E+0	0.00000E+0
4.98630E+0	-4.12944E-3	8.05859E-4	2.29598E-4	-4.05314E-6	-9.70562E-7	-6.40288E-10	0.00000E+0	0.00000E+0	1.99970E+0	0.00000E+0
4.96920E+0	-4.11704E-3	8.03951E-4	2.52249E-4	-3.81473E-6	-9.70504E-7	-6.40288E-10	0.00000E+0	0.00000E+0	1.99970E+0	0.00000E+0
4.95200E+0	-4.10369E-3	8.01090E-4	2.80621E-4	-3.81473E-6	-9.70504E-7	-5.82080E-10	0.00000E+0	0.00000E+0	1.99630E+0	0.00000E+0
4.93490E+0	-4.09034E-3	7.99183E-4	3.10900E-4	-3.57629E-6	-9.70445E-7	-5.82080E-10	0.00000E+0	0.00000E+0	2.00070E+0	0.00000E+0
4.91770E+0	-4.07413E-3	7.96322E-4	3.39748E-4	-3.33787E-6	-9.70387E-7	-5.82080E-10	0.00000E+0	0.00000E+0	1.99720E+0	0.00000E+0
4.90060E+0	-4.05601E-3	7.92507E-4	3.69789E-4	-3.09946E-6	-9.70329E-7	-5.82080E-10	0.00000E+0	0.00000E+0	1.99910E+0	0.00000E+0
4.88340E+0	-4.03598E-3	7.89646E-4	4.04121E-4	-3.09946E-6	-9.70271E-7	-5.82080E-10	0.00000E+0	0.00000E+0	1.99930E+0	0.00000E+0
4.86620E+0	-4.01309E-3	7.84878E-4	4.39884E-4	-2.86104E-6	-9.70154E-7	-5.23873E-10	0.00000E+0	0.00000E+0	1.99930E+0	0.00000E+0
4.84910E+0	-3.98830E-3	7.80109E-4	4.77316E-4	-2.86104E-6	-9.70096E-7	-5.23873E-10	0.00000E+0	0.00000E+0	1.99730E+0	0.00000E+0
4.83190E+0	-3.96159E-3	7.75341E-4	5.16180E-4	-2.38420E-6	-9.70038E-7	-5.23873E-10	0.00000E+0	0.00000E+0	2.00130E+0	0.00000E+0
4.81480E+0	-3.93298E-3	7.70573E-4	5.57665E-4	-2.38420E-6	-9.69980E-7	-5.23873E-10	0.00000E+0	0.00000E+0	2.00040E+0	0.00000E+0
4.79760E+0	-3.90054E-3	7.63897E-4	5.99626E-4	-2.14578E-6	-9.69863E-7	-4.65665E-10	0.00000E+0	0.00000E+0	2.00010E+0	0.00000E+0
4.78050E+0	-3.86049E-3	7.56267E-4	6.46356E-4	-1.66894E-6	-9.69747E-7	-4.07455E-10	0.00000E+0	0.00000E+0	1.99980E+0	0.00000E+0
4.76330E+0	-3.82330E-3	7.48638E-4	6.98809E-4	-1.66894E-6	-9.69689E-7	-4.07455E-10	0.00000E+0	0.00000E+0	2.00110E+0	0.00000E+0
4.74620E+0	-3.78896E-3	7.41962E-4	7.43870E-4	-1.66894E-6	-9.69630E-7	-4.07455E-10	0.00000E+0	0.00000E+0	1.99890E+0	0.00000E+0
4.72900E+0	-3.74033E-3	7.32426E-4	7.86070E-4	-1.66894E-6	-9.69572E-7	-4.07455E-10	0.00000E+0	0.00000E+0	1.99860E+0	0.00000E+0
4.71190E+0	-3.69169E-3	7.22889E-4	8.41383E-4	-1.66894E-6	-9.69572E-7	-3.49248E-10	0.00000E+0	0.00000E+0	1.99950E+0	0.00000E+0
4.69470E+0	-3.64400E-3	7.12398E-4	8.91928E-4	-1.66894E-6	-9.69572E-7	-3.49248E-10	0.00000E+0	0.00000E+0	2.00090E+0	0.00000E+0
4.67760E+0	-3.59060E-3	7.02862E-4	9.40803E-4	-1.66894E-6	-9.69630E-7	-3.49248E-10	0.00000E+0	0.00000E+0	1.99850E+0	0.00000E+0
4.66040E+0	-3.52670E-3	6.89510E-4	9.92544E-4	-1.66894E-6	-9.69805E-7	-3.49248E-10	0.00000E+0	0.00000E+0	2.00030E+0	0.00000E+0
4.64330E+0	-3.46662E-3	6.77112E-4	1.04762E-3	-1.66894E-6	-9.69922E-7	-4.07455E-10	0.00000E+0	0.00000E+0	2.00010E+0	0.00000E+0
4.62610E+0	-3.41131E-3	6.65668E-4	1.09053E-3	-1.90736E-6	-9.70096E-7	-4.07455E-10	0.00000E+0	0.00000E+0	1.99910E+0	0.00000E+0
4.60890E+0	-3.35981E-3	6.55178E-4	1.12844E-3	-1.66894E-6	-9.70271E-7	-4.07455E-10	0.00000E+0	0.00000E+0	1.99880E+0	0.00000E+0
4.59180E+0	-3.30926E-3	6.44688E-4	1.15586E-3	-1.19210E-6	-9.70504E-7	-4.65665E-10	0.00000E+0	0.00000E+0	1.99840E+0	0.00000E+0
4.57460E+0	-3.27016E-3	6.37058E-4	1.17470E-3	-7.15259E-7	-9.70678E-7	-5.23873E-10	0.00000E+0	0.00000E+0	1.99630E+0	0.00000E+0
4.55750E+0	-3.22916E-3	6.28475E-4	1.18137E-3	-7.15259E-7	-9.70911E-7	-5.82080E-10	0.00000E+0	0.00000E+0	1.99870E+0	0.00000E+0
4.54030E+0	-3.19482E-3	6.21799E-4	1.17422E-3	-7.15259E-7	-9.71144E-7	-5.82080E-10	0.00000E+0	0.00000E+0	2.00060E+0	0.00000E+0
4.52320E+0	-3.17003E-3	6.17031E-4	1.15181E-3	-2.38420E-7	-9.71319E-7	-6.40288E-10	0.00000E+0	0.00000E+0	2.00060E+0	0.00000E+0
4.50600E+0	-3.15000E-3	6.13216E-4	1.11151E-3	0.00000E+0	-9.71551E-7	-7.56703E-10	0.00000E+0	0.00000E+0	1.99950E+0	0.00000E+0
4.48890E+0	-3.13951E-3	6.10355E-4	1.04118E-3	7.15259E-7	-9.71726E-7	-8.14911E-10	0.00000E+0	0.00000E+0	1.99800E+0	0.00000E+0
4.47170E+0	-3.13474E-3	6.09402E-4	9.63930E-4	9.53682E-7	-9.72017E-7	-8.73118E-10	0.00000E+0	0.00000E+0	1.99930E+0	0.00000E+0
4.45460E+0	-3.13188E-3	6.08448E-4	8.66655E-4	1.19210E-6	-9.72250E-7	-9.89537E-10	0.00000E+0	0.00000E+0	1.99980E+0	0.00000E+0
4.43740E+0	-3.13188E-3	6.08448E-4	7.53883E-4	1.43052E-6	-9.72541E-7	-1.10595E-9	0.00000E+0	0.00000E+0	2.00040E+0	0.00000E+0
4.42030E+0	-3.13379E-3	6.08448E-4	6.36104E-4	9.53682E-7	-9.72832E-7	-1.22237E-9	0.00000E+0	0.00000E+0	2.00020E+0	0.00000E+0
4.40310E+0	-3.13474E-3	6.08448E-4	4.94961E-4	9.53682E-7	-9.73065E-7	-1.28058E-9	0.00000E+0	0.00000E+0	1.99910E+0	0.00000E+0
4.38600E+0	-3.13665E-3	6.08448E-4	3.92916E-4	2.38420E-7	-9.73239E-7	-1.39699E-9	0.00000E+0	0.00000E+0	1.99780E+0	0.00000E+0
4.36880E+0	-3.13665E-3	6.08448E-4	3.06131E-4	-2.38420E-7	-9.73414E-7	-1.45520E-9	0.00000E+0	0.00000E+0	1.99820E+0	0.00000E+0
4.35160E+0	-3.13856E-3	6.08448E-4	2.21969E-4	-9.53682E-7	-9.73530E-7	-1.51341E-9	0.00000E+0	0.00000E+0	1.99950E+0	0.00000E+0
4.33450E+0	-3.13856E-3	6.07494E-4	1.54735E-4	-1.19210E-6	-9.73705E-7	-1.57161E-9	0.00000E+0	0.00000E+0	1.99850E+0	0.00000E+0
4.31730E+0	-3.13856E-3	6.07494E-4	8.96459E-5	-1.19210E-6	-9.73821E-7	-1.62982E-9	0.00000E+0	0.00000E+0	1.99850E+0	0.00000E+0
4.30020E+0	-3.13951E-3	6.08448E-4	4.26772E-5	-1.43052E-6	-9.73880E-7	-1.68803E-9	0.00000E+0	0.00000E+0	1.99930E+0	0.00000E+0
4.28300E+0	-3.13951E-3	6.07494E-4	1.81199E-5	-1.43052E-6	-9.73880E-7	-1.68803E-9	0.00000E+0	0.00000E+0	1.99920E+0	0.00000E+0
4.26590E+0	-3.13951E-3	6.07494E-4	4.76840E-6	-1.43052E-6	-9.73880E-7	-1.68803E-9	0.00000E+0	0.00000E+0	1.99720E+0	0.00000E+0
4.24870E+0	-3.13951E-3	6.07494E-4	2.38420E-7	-1.66894E-6	-9.73880E-7	-1.68803E-9	0.00000E+0	0.00000E+0	1.99820E+0	0.00000E+0
4.23160E+0	-3.13951E-3	6.07494E-4	-1.19210E-6	-1.43052E-6	-9.73880E-7	-1.74624E-9	0.00000E+0	0.00000E+0	1.99940E+0	0.00000E+0
4.21440E+0	-3.13951E-3	6.07494E-4	-1.66894E-6	-1.66894E-6	-9.73821E-7	-1.68803E-9	0.00000E+0	0.00000E+0	1.99830E+0	0.00000E+0
4.19730E+0	-3.13856E-3	6.07494E-4	-1.66894E-6	-1.66894E-6	-9.73821E-7	-1.68803E-9	0.00000E+0	0.00000E+0	1.99830E+0	0.00000E+0
4.18010E+0	-3.13856E-3	6.07494E-4	-1.19210E-6	-1.66894E-6	-9.73763E-7	-1.68803E-9	0.00000E+0	0.00000E+0	1.99860E+0	0.00000E+0
4.16300E+0	-3.13760E-3	6.07494E-4	-9.53682E-7	-1.66894E-6	-9.73705E-7	-1.68803E-9	0.00000E+0	0.00000E+0	2.00050E+0	0.00000E+0
4.14580E+0	-3.13665E-3	6.07494E-4	-2.38420E-7	-1.66894E-6	-9.73647E-7	-1.68803E-9	0.00000E+0	0.00000E+0	2.00030E+0	0.00000E+0
4.12860E+0	-3.13665E-3	6.07494E-4	9.53682E-7	-1.66894E-6	-9.73589E-7	-1.68803E-9	0.00000E+0	0.00000E+0	1.99890E+0	0.00000E+0
4.11150E+0	-3.13665E-3	6.07494E-4	3.81473E-6	-1.66894E-6	-9.73530E-7	-1.68803E-9	0.00000E+0	0.00000E+0	1.99760E+0	0.00000E+0
4.09430E+0	-3.13570E-3	6.07494E-4	9.05996E-6	-1.66894E-6	-9.73472E-7	-1.68803E-9	0.00000E+0	0.00000E+0	1.99870E+0	0.00000E+0
4.07720E+0	-3.13379E-3	6.06541E-4	1.76431E-5	-1.90736E-6	-9.73356E-7	-1.62982E-9	0.00000E+0	0.00000E+0	1.99960E+0	0.00000E+0
4.06000E+0	-3.13188E-3	6.06541E-4	3.26636E-5	-1.90736E-6	-9.73239E-7	-1.57161E-9	0.00000E+0	0.00000E+0	1.99860E+0	0.00000E+0
4.04290E+0	-3.12902E-3	6.05587E-4	4.98297E-5	-1.90736E-6	-9.73123E-7	-1.57161E-9	0.00000E+0	0.00000E+0	2.00010E+0	0.00000E+0
4.02570E+0	-3.12521E-3	6.05587E-4	6.98571E-5	-1.90736E-6	-9.73065E-7	-1.57161E-9	0.00000E+0	0.00000E+0	2.00040E+0	0.00000E+0
4.00860E+0	-3.12139E-3	6.04633E-4	9.39374E-5	-1.90736E-6	-9.72890E-7	-1.51341E-9	0.00000E+0	0.00000E+0	1.99860E+0	0.00000E+0
3.99140E+0	-3.11662E-3	6.03680E-4	1.21832E-4	-1.90736E-6	-9.72832E-7	-1.45520E-9	0.00000E+0	0.00000E+0	2.00030E+0	0.00000E+0
3.97430E+0	-3.11185E-3	6.02726E-4	1.48774E-4	-2.14578E-6	-9.72657E-7	-1.45520E-9	0.00000E+0	0.00000E+0	2.00090E+0	0.00000E+0
3.95710E+0	-3.10613E-3	6.01772E-4	1.78576E-4	-2.14578E-6	-9.72541E-7	-1.39699E-9	0.00000E+0	0.00000E+0	1.99880E+0	0.00000E+0
3.94000E+0	-3.09850E-3	6.00819E-4	2.09809E-4	-2.14578E-6	-9.72366E-7	-1.33878E-9	0.00000E+0	0.00000E+0	1.99840E+0	0.00000E+0
3.92280E+0	-3.08992E-3	5.98911E-4	2.43188E-4	-2.38420E-6	-9.72192E-7	-1.28058E-9	0.00000E+0	0.00000E+0	1.99940E+0	0.00000E+0
3.90570E+0	-3.08038E-3	5.97958E-4	2.80144E-4	-2.38420E-6	-9.72075E-7	-1.28058E-9	0.00000E+0	0.00000E+0	1.99840E+0	0.00000E+0
3.88850E+0	-3.06608E-3	5.94143E-4	3.19006E-4	-2.38420E-6	-9.71959E-7	-1.22237E-9	0.00000E+0	0.00000E+0	1.99880E+0	0.00000E+0
3.87130E+0	-3.05082E-3	5.91282E-4	3.63113E-4	-2.38420E-6	-9.71842E-7	-1.22237E-9	0.00000E+0	0.00000E+0	1.99920E+0	0.00000E+0
3.85420E+0	-3.03270E-3	5.88421E-4	4.06506E-4	-2.38420E-6	-9.71668E-7	-1.16416E-9	0.00000E+0	0.00000E+0	1.99930E+0	0.00000E+0
3.83700E+0	-3.01458E-3	5.84606E-4	4.52043E-4	-2.62262E-6	-9.71551E-7	-1.10595E-9	0.00000E+0	0.00000E+0	2.00040E+0	0.00000E+0
3.81990E+0	-2.99169E-3	5.80791E-4	4.96630E-4	-2.86104E-6	-9.71435E-7	-1.04775E-9	0.00000E+0	0.00000E+0	1.99860E+0	0.00000E+0
3.80270E+0	-2.96594E-3	5.75069E-4	5.46459E-4	-2.86104E-6	-9.71377E-7	-1.04775E-9	0.00000E+0	0.00000E+0	2.00180E+0	0.00000E+0
3.78560E+0	-2.93542E-3	5.70301E-4	5.96289E-4	-2.62262E-6	-9.71260E-7	-9.89537E-10	0.00000E+0	0.00000E+0	1.99730E+0	0.00000E+0
3.76840E+0	-2.90205E-3	5.63625E-4	6.48502E-4	-2.38420E-6	-9.71260E-7	-9.89537E-10	0.00000E+0	0.00000E+0	1.99690E+0	0.00000E+0
3.75130E+0	-2.86390E-3	5.55996E-4	7.01908E-4	-2.38420E-6	-9.71319E-7	-9.89537E-10	0.00000E+0	0.00000E+0	1.99470E+0	0.00000E+0
3.73410E+0	-2.82003E-3	5.48366E-4	7.56506E-4	-2.38420E-6	-9.71435E-7	-9.89537E-10	0.00000E+0	0.00000E+0	2.00310E+0	0.00000E+0
3.71700E+0	-2.77711E-3	5.39783E-4	8.13726E-4	-2.14578E-6	-9.71551E-7	-9.89537E-10	0.00000E+0	0.00000E+0	1.99720E+0	0.00000E+0
3.69980E+0	-2.72752E-3	5.29293E-4	8.67132E-4	-1.90736E-6	-9.71726E-7	-9.89537E-10	0.00000E+0	0.00000E+0	2.00050E+0	0.00000E+0
3.68270E+0	-2.68270E-3	5.20710E-4	9.21253E-4	-1.66894E-6	-9.72017E-7	-9.89537E-10	0.00000E+0	0.00000E+0	1.99970E+0	0.00000E+0
3.66550E+0	-2.63788E-3	5.13081E-4	9.66791E-4	-1.43052E-6	-9.72308E-7	-1.04775E-9	0.00000E+0	0.00000E+0	1.99950E+0	0.00000E+0
3.64840E+0	-2.59782E-3	5.04497E-4	1.00375E-3	-1.19210E-6	-9.72599E-7	-1.10595E-9	0.00000E+0	0.00000E+0	1.99850E+0	0.00000E+0
3.63120E+0	-2.56254E-3	4.97822E-4	1.02735E-3	-7.15259E-7	-9.72890E-7	-1.16416E-9	0.00000E+0	0.00000E+0	1.99930E+0	0.00000E+0
3.61400E+0	-2.53488E-3	4.93053E-4	1.03188E-3	0.00000E+0	-9.73239E-7	-1.22237E-9	0.00000E+0	0.00000E+0	1.99880E+0	0.00000E+0
3.59690E+0	-2.51867E-3	4.90192E-4	1.00899E-3	4.76841E-7	-9.73472E-7	-1.28058E-9	0.00000E+0	0.00000E+0	1.99960E+0	0.00000E+0
3.57970E+0	-2.51009E-3	4.89239E-4	9.62500E-4	9.53682E-7	-9.73705E-7	-1.39699E-9	0.00000E+0	0.00000E+0	1.99790E+0	0.00000E+0
3.56280E+0	-2.50722E-3	4.88285E-4	8.90497E-4	1.43052E-6	-9.73938E-7	-1.45520E-9	0.00000E+0	0.00000E+0	1.99820E+0	0.00000E+0
3.54570E+0	-2.50722E-3	4.88285E-4	7.85593E-4	1.43052E-6	-9.74229E-7	-1.57161E-9	0.00000E+0	0.00000E+0	1.99910E+0	0.00000E+0
3.52850E+0	-2.50818E-3	4.88285E-4	6.79735E-4	1.43052E-6	-9.74462E-7	-1.68803E-9	0.00000E+0	0.00000E+0	1.99650E+0	0.00000E+0
3.51140E+0	-2.51009E-3	4.88285E-4	5.56234E-4	1.19210E-6	-9.74695E-7	-1.74624E-9	0.00000E+0	0.00000E+0	1.99880E+0	0.00000E+0
3.49420E+0	-2.51199E-3	4.88285E-4	4.31063E-4	9.53682E-7	-9.74927E-7	-1.86266E-9	0.00000E+0	0.00000E+0	1.99890E+0	0.00000E+0
3.47700E+0	-2.51295E-3	4.87329E-4	3.00648E-4	4.76841E-7	-9.75160E-7	-1.92087E-9	0.00000E+0	0.00000E+0	2.00090E+0	0.00000E+0
3.45990E+0	-2.51390E-3	4.87329E-4	2.04087E-4	2.38420E-7	-9.75335E-7	-1.97907E-9	0.00000E+0	0.00000E+0	1.99860E+0	0.00000E+0
3.44270E+0	-2.51390E-3	4.87329E-4	1.16826E-4	-2.38420E-7	-9.75393E-7	-2.03728E-9	0.00000E+0	0.00000E+0	1.99820E+0	0.00000E+0
3.42560E+0	-2.51390E-3	4.87329E-4	5.07834E-5	-7.15259E-7	-9.75451E-7	-2.09549E-9	0.00000E+0	0.00000E+0	1.99800E+0	0.00000E+0
3.40840E+0	-2.51485E-3	4.86376E-4	1.78815E-5	-7.15259E-7	-9.75451E-7	-2.09549E-9	0.00000E+0	0.00000E+0	1.99990E+0	0.00000E+0
3.39130E+0	-2.51390E-3	4.86376E-4	3.81473E-6	-7.15259E-7	-9.75393E-7	-2.09549E-9	0.00000E+0	0.00000E+0	2.00040E+0	0.00000E+0
3.37410E+0	-2.51390E-3	4.86376E-4	2.38420E-7	-9.53682E-7	-9.75335E-7	-2.09549E-9	0.00000E+0	0.00000E+0	1.99920E+0	0.00000E+0
3.35700E+0	-2.51295E-3	4.86376E-4	2.38420E-7	-9.53682E-7	-9.75277E-7	-2.09549E-9	0.00000E+0	0.00000E+0	1.99930E+0	0.00000E+0
3.33980E+0	-2.51199E-3	4.85422E-4	2.14578E-6	-9.53682E-7	-9.75160E-7	-2.09549E-9	0.00000E+0	0.00000E+0	1.99910E+0	0.00000E+0
3.32270E+0	-2.51009E-3	4.85422E-4	5.48366E-6	-9.53682E-7	-9.75044E-7	-2.03728E-9	0.00000E+0	0.00000E+0	1.99990E+0	0.00000E+0
3.30550E+0	-2.50818E-3	4.84468E-4	1.26362E-5	-9.53682E-7	-9.74927E-7	-2.03728E-9	0.00000E+0	0.00000E+0	1.99810E+0	0.00000E+0
3.28840E+0	-2.50532E-3	4.84468E-4	2.93256E-5	-9.53682E-7	-9.74695E-7	-1.97907E-9	0.00000E+0	0.00000E+0	1.99860E+0	0.00000E+0
3.27120E+0	-2.50055E-3	4.83515E-4	5.48365E-5	-9.53682E-7	-9.74520E-7	-1.97907E-9	0.00000E+0	0.00000E+0	1.99790E+0	0.00000E+0
3.25400E+0	-2.49387E-3	4.82561E-4	9.34605E-5	-7.15259E-7	-9.74287E-7	-1.92087E-9	0.00000E+0	0.00000E+0	2.00020E+0	0.00000E+0
3.23690E+0	-2.48624E-3	4.80654E-4	1.37330E-4	-7.15259E-7	-9.73996E-7	-1.80444E-9	0.00000E+0	0.00000E+0	1.99780E+0	0.00000E+0
3.21970E+0	-2.47671E-3	4.78746E-4	1.96458E-4	-7.15259E-7	-9.73705E-7	-1.74624E-9	0.00000E+0	0.00000E+0	1.99900E+0	0.00000E+0
3.20260E+0	-2.46526E-3	4.76839E-4	2.52487E-4	-7.15259E-7	-9.73414E-7	-1.68803E-9	0.00000E+0	0.00000E+0	1.99850E+0	0.00000E+0
3.18540E+0	-2.45096E-3	4.73024E-4	3.08754E-4	-9.53682E-7	-9.73123E-7	-1.57161E-9	0.00000E+0	0.00000E+0	1.99770E+0	0.00000E+0
3.16830E+0	-2.43188E-3	4.70163E-4	3.75034E-4	-9.53682E-7	-9.72832E-7	-1.51341E-9	0.00000E+0	0.00000E+0	1.99790E+0	0.00000E+0
3.15110E+0	-2.40804E-3	4.65395E-4	4.42268E-4	-1.19210E-6	-9.72657E-7	-1.45520E-9	0.00000E+0	0.00000E+0	1.99750E+0	0.00000E+0
3.13400E+0	-2.38039E-3	4.60627E-4	5.11412E-4	-1.19210E-6	-9.72483E-7	-1.33878E-9	0.00000E+0	0.00000E+0	1.99900E+0	0.00000E+0
3.11680E+0	-2.34701E-3	4.53951E-4	5.76977E-4	-1.66894E-6	-9.72424E-7	-1.33878E-9	0.00000E+0	0.00000E+0	1.99930E+0	0.00000E+0
3.09970E+0	-2.30600E-3	4.45368E-4	6.44926E-4	-1.66894E-6	-9.72424E-7	-1.28058E-9	0.00000E+0	0.00000E+0	1.99940E+0	0.00000E+0
3.08250E+0	-2.26785E-3	4.37738E-4	7.14067E-4	-1.43052E-6	-9.72541E-7	-1.28058E-9	0.00000E+0	0.00000E+0	2.00140E+0	0.00000E+0
3.06540E+0	-2.22875E-3	4.30109E-4	7.73434E-4	-1.19210E-6	-9.72774E-7	-1.28058E-9	0.00000E+0	0.00000E+0	1.99890E+0	0.00000E+0
3.04820E+0	-2.19251E-3	4.22480E-4	8.27555E-4	-1.19210E-6	-9.73007E-7	-1.28058E-9	0.00000E+0	0.00000E+0	1.99930E+0	0.00000E+0
3.03110E+0	-2.15723E-3	4.15804E-4	8.67847E-4	-7.15259E-7	-9.73298E-7	-1.33878E-9	0.00000E+0	0.00000E+0	1.99800E+0	0.00000E+0
3.01390E+0	-2.12575E-3	4.10082E-4	8.93358E-4	0.00000E+0	-9.73647E-7	-1.39699E-9	0.00000E+0	0.00000E+0	1.99800E+0	0.00000E+0
2.99670E+0	-2.10477E-3	4.06267E-4	8.93597E-4	0.00000E+0	-9.73938E-7	-1.45520E-9	0.00000E+0	0.00000E+0	2.00050E+0	0.00000E+0
2.97960E+0	-2.09428E-3	4.04360E-4	8.65225E-4	4.76841E-7	-9.74171E-7	-1.57161E-9	0.00000E+0	0.00000E+0	1.99890E+0	0.00000E+0
2.96240E+0	-2.09142E-3	4.04360E-4	8.02282E-4	4.76841E-7	-9.74520E-7	-1.68803E-9	0.00000E+0	0.00000E+0	1.99990E+0	0.00000E+0
2.94530E+0	-2.09142E-3	4.04360E-4	7.11922E-4	4.76841E-7	-9.74869E-7	-1.74624E-9	0.00000E+0	0.00000E+0	1.99830E+0	0.00000E+0
2.92810E+0	-2.09333E-3	4.04360E-4	5.97481E-4	4.76841E-7	-9.75218E-7	-1.92087E-9	0.00000E+0	0.00000E+0	1.99810E+0	0.00000E+0
2.91100E+0	-2.09524E-3	4.05313E-4	4.62295E-4	4.76841E-7	-9.75568E-7	-2.03728E-9	0.00000E+0	0.00000E+0	1.99810E+0	0.00000E+0
2.89380E+0	-2.09714E-3	4.05313E-4	3.20913E-4	0.00000E+0	-9.75859E-7	-2.15370E-9	0.00000E+0	0.00000E+0	2.00000E+0	0.00000E+0
2.87670E+0	-2.09810E-3	4.06267E-4	1.89544E-4	-2.38420E-7	-9.76092E-7	-2.27011E-9	0.00000E+0	0.00000E+0	1.99920E+0	0.00000E+0
2.85950E+0	-2.09810E-3	4.06267E-4	9.13148E-5	-7.15259E-7	-9.76266E-7	-2.32832E-9	0.00000E+0	0.00000E+0	1.99760E+0	0.00000E+0
2.84240E+0	-2.09714E-3	4.06267E-4	3.09946E-5	-7.15259E-7	-9.76266E-7	-2.38653E-9	0.00000E+0	0.00000E+0	1.99980E+0	0.00000E+0
2.82520E+0	-2.09619E-3	4.05313E-4	6.67575E-6	-7.15259E-7	-9.76208E-7	-2.38653E-9	0.00000E+0	0.00000E+0	2.00020E+0	0.00000E+0
2.80810E+0	-2.09428E-3	4.05313E-4	2.14578E-6	-7.15259E-7	-9.76150E-7	-2.38653E-9	0.00000E+0	0.00000E+0	1.99820E+0	0.00000E+0
2.79090E+0	-2.09142E-3	4.04360E-4	5.48366E-6	-7.15259E-7	-9.76033E-7	-2.38653E-9	0.00000E+0	0.00000E+0	1.99950E+0	0.00000E+0
2.77380E+0	-2.08856E-3	4.04360E-4	1.47820E-5	-4.76841E-7	-9.75859E-7	-2.32832E-9	0.00000E+0	0.00000E+0	1.99970E+0	0.00000E+0
2.75660E+0	-2.08189E-3	4.02452E-4	3.76704E-5	-4.76841E-7	-9.75626E-7	-2.27011E-9	0.00000E+0	0.00000E+0	1.99770E+0	0.00000E+0
2.73940E+0	-2.07426E-3	4.01499E-4	7.98707E-5	-2.38420E-7	-9.75393E-7	-2.21191E-9	0.00000E+0	0.00000E+0	1.99810E+0	0.00000E+0
2.72230E+0	-2.06377E-3	3.99591E-4	1.34469E-4	0.00000E+0	-9.75102E-7	-2.15370E-9	0.00000E+0	0.00000E+0	1.99720E+0	0.00000E+0
2.70510E+0	-2.04755E-3	3.95777E-4	2.04087E-4	0.00000E+0	-9.74811E-7	-2.03728E-9	0.00000E+0	0.00000E+0	1.99920E+0	0.00000E+0
2.68800E+0	-2.02753E-3	3.91962E-4	2.89919E-4	2.38420E-7	-9.74578E-7	-1.97907E-9	0.00000E+0	0.00000E+0	1.99730E+0	0.00000E+0
2.67080E+0	-2.00273E-3	3.87194E-4	3.80279E-4	2.38420E-7	-9.74404E-7	-1.92087E-9	0.00000E+0	0.00000E+0	2.00240E+0	0.00000E+0
2.65370E+0	-1.97317E-3	3.81472E-4	4.69448E-4	2.38420E-7	-9.74229E-7	-1.80444E-9	0.00000E+0	0.00000E+0	2.00020E+0	0.00000E+0
2.63650E+0	-1.93883E-3	3.73842E-4	5.56234E-4	0.00000E+0	-9.74229E-7	-1.74624E-9	0.00000E+0	0.00000E+0	1.99860E+0	0.00000E+0
2.61940E+0	-1.90259E-3	3.67166E-4	6.37535E-4	2.38420E-7	-9.74345E-7	-1.74624E-9	0.00000E+0	0.00000E+0	1.99940E+0	0.00000E+0
2.60220E+0	-1.86539E-3	3.60491E-4	7.05246E-4	4.76841E-7	-9.74462E-7	-1.74624E-9	0.00000E+0	0.00000E+0	1.99830E+0	0.00000E+0
2.58510E+0	-1.83297E-3	3.52861E-4	7.57936E-4	9.53682E-7	-9.74695E-7	-1.74624E-9	0.00000E+0	0.00000E+0	1.99870E+0	0.00000E+0
2.56790E+0	-1.80817E-3	3.48093E-4	7.83447E-4	1.19210E-6	-9.74811E-7	-1.80444E-9	0.00000E+0	0.00000E+0	2.00030E+0	0.00000E+0
2.55080E+0	-1.79673E-3	3.46186E-4	7.71765E-4	1.43052E-6	-9.74986E-7	-1.80444E-9	0.00000E+0	0.00000E+0	1.99930E+0	0.00000E+0
2.53360E+0	-1.79387E-3	3.45232E-4	7.16928E-4	1.19210E-6	-9.75160E-7	-1.92087E-9	0.00000E+0	0.00000E+0	1.99760E+0	0.00000E+0
2.51650E+0	-1.79482E-3	3.45232E-4	6.29429E-4	9.53682E-7	-9.75451E-7	-1.97907E-9	0.00000E+0	0.00000E+0	1.99980E+0	0.00000E+0
2.49930E+0	-1.79768E-3	3.46186E-4	5.03067E-4	7.15259E-7	-9.75742E-7	-2.09549E-9	0.00000E+0	0.00000E+0	1.99820E+0	0.00000E+0
2.48210E+0	-1.79959E-3	3.46186E-4	3.59537E-4	0.00000E+0	-9.75975E-7	-2.21191E-9	0.00000E+0	0.00000E+0	1.99980E+0	0.00000E+0
2.46500E+0	-1.79959E-3	3.47139E-4	2.10048E-4	-4.76841E-7	-9.76208E-7	-2.27011E-9	0.00000E+0	0.00000E+0	1.99990E+0	0.00000E+0
2.44780E+0	-1.79864E-3	3.47139E-4	8.84538E-5	-9.53682E-7	-9.76266E-7	-2.38653E-9	0.00000E+0	0.00000E+0	1.99970E+0	0.00000E+0
2.43070E+0	-1.79768E-3	3.46186E-4	2.26499E-5	-1.19210E-6	-9.76266E-7	-2.38653E-9	0.00000E+0	0.00000E+0	1.99890E+0	0.00000E+0
2.41350E+0	-1.79482E-3	3.46186E-4	5.96049E-6	-1.19210E-6	-9.76208E-7	-2.38653E-9	0.00000E+0	0.00000E+0	2.00090E+0	0.00000E+0
2.39640E+0	-1.79005E-3	3.45232E-4	1.09673E-5	-9.53682E-7	-9.76092E-7	-2.38653E-9	0.00000E+0	0.00000E+0	2.00000E+0	0.00000E+0
2.37920E+0	-1.78338E-3	3.44278E-4	3.19483E-5	-7.15259E-7	-9.75975E-7	-2.38653E-9	0.00000E+0	0.00000E+0	1.99930E+0	0.00000E+0
2.36210E+0	-1.77098E-3	3.42371E-4	7.79633E-5	-4.76841E-7	-9.75801E-7	-2.27011E-9	0.00000E+0	0.00000E+0	1.99720E+0	0.00000E+0
2.34490E+0	-1.75286E-3	3.38556E-4	1.57357E-4	0.00000E+0	-9.75568E-7	-2.21191E-9	0.00000E+0	0.00000E+0	2.00010E+0	0.00000E+0
2.32780E+0	-1.72902E-3	3.34742E-4	2.58924E-4	2.38420E-7	-9.75393E-7	-2.15370E-9	0.00000E+0	0.00000E+0	1.99900E+0	0.00000E+0
2.31060E+0	-1.70136E-3	3.29020E-4	3.69074E-4	4.76841E-7	-9.75335E-7	-2.09549E-9	0.00000E+0	0.00000E+0	2.00080E+0	0.00000E+0
2.29350E+0	-1.66894E-3	3.23297E-4	4.74693E-4	7.15259E-7	-9.75451E-7	-2.03728E-9	0.00000E+0	0.00000E+0	1.99620E+0	0.00000E+0
2.27630E+0	-1.63270E-3	3.15668E-4	5.73400E-4	9.53682E-7	-9.75626E-7	-2.03728E-9	0.00000E+0	0.00000E+0	2.00070E+0	0.00000E+0
2.25910E+0	-1.60313E-3	3.09946E-4	6.49218E-4	1.43052E-6	-9.75801E-7	-2.03728E-9	0.00000E+0	0.00000E+0	2.00200E+0	0.00000E+0
2.24200E+0	-1.57929E-3	3.05178E-4	6.86411E-4	1.90736E-6	-9.75975E-7	-2.09549E-9	0.00000E+0	0.00000E+0	1.99900E+0	0.00000E+0
2.22480E+0	-1.57071E-3	3.03270E-4	6.75444E-4	2.14578E-6	-9.76033E-7	-2.15370E-9	0.00000E+0	0.00000E+0	1.99910E+0	0.00000E+0
2.20770E+0	-1.57071E-3	3.03270E-4	6.20130E-4	2.14578E-6	-9.76208E-7	-2.21191E-9	0.00000E+0	0.00000E+0	1.99780E+0	0.00000E+0
2.19050E+0	-1.57452E-3	3.03270E-4	5.14988E-4	1.43052E-6	-9.76324E-7	-2.27011E-9	0.00000E+0	0.00000E+0	1.99740E+0	0.00000E+0
2.17340E+0	-1.57643E-3	3.03270E-4	3.69312E-4	9.53682E-7	-9.76499E-7	-2.38653E-9	0.00000E+0	0.00000E+0	1.99570E+0	0.00000E+0
2.15620E+0	-1.57548E-3	3.03270E-4	2.09094E-4	0.00000E+0	-9.76557E-7	-2.44474E-9	0.00000E+0	0.00000E+0	1.99820E+0	0.00000E+0
2.13910E+0	-1.57357E-3	3.03270E-4	8.08244E-5	-7.15259E-7	-9.76441E-7	-2.44474E-9	0.00000E+0	0.00000E+0	1.99880E+0	0.00000E+0
2.12190E+0	-1.57071E-3	3.02317E-4	1.88352E-5	-9.53682E-7	-9.76324E-7	-2.44474E-9	0.00000E+0	0.00000E+0	2.00170E+0	0.00000E+0
2.10480E+0	-1.56403E-3	3.00409E-4	1.47820E-5	-9.53682E-7	-9.76208E-7	-2.38653E-9	0.00000E+0	0.00000E+0	2.00000E+0	0.00000E+0
2.08760E+0	-1.55354E-3	2.98502E-4	4.57766E-5	-9.53682E-7	-9.76033E-7	-2.38653E-9	0.00000E+0	0.00000E+0	1.99800E+0	0.00000E+0
2.07050E+0	-1.53638E-3	2.95641E-4	1.14441E-4	-4.76841E-7	-9.75975E-7	-2.32832E-9	0.00000E+0	0.00000E+0	1.99980E+0	0.00000E+0
2.05330E+0	-1.51063E-3	2.90873E-4	2.22684E-4	-2.38420E-7	-9.75975E-7	-2.27011E-9	0.00000E+0	0.00000E+0	1.99850E+0	0.00000E+0
2.03620E+0	-1.48011E-3	2.85150E-4	3.44755E-4	0.00000E+0	-9.76092E-7	-2.21191E-9	0.00000E+0	0.00000E+0	1.99880E+0	0.00000E+0
2.01900E+0	-1.44482E-3	2.78475E-4	4.68256E-4	7.15259E-7	-9.76266E-7	-2.21191E-9	0.00000E+0	0.00000E+0	2.00020E+0	0.00000E+0
2.00180E+0	-1.41526E-3	2.72753E-4	5.60287E-4	1.43052E-6	-9.76441E-7	-2.27011E-9	0.00000E+0	0.00000E+0	1.99920E+0	0.00000E+0
1.98470E+0	-1.40000E-3	2.69892E-4	6.02964E-4	1.90736E-6	-9.76557E-7	-2.27011E-9	0.00000E+0	0.00000E+0	1.99880E+0	0.00000E+0
1.96750E+0	-1.39809E-3	2.69892E-4	5.82460E-4	2.14578E-6	-9.76732E-7	-2.38653E-9	0.00000E+0	0.00000E+0	2.00060E+0	0.00000E+0
1.95040E+0	-1.40000E-3	2.69892E-4	4.96630E-4	1.90736E-6	-9.76906E-7	-2.44474E-9	0.00000E+0	0.00000E+0	1.99890E+0	0.00000E+0
1.93320E+0	-1.40286E-3	2.69892E-4	3.56199E-4	1.19210E-6	-9.77023E-7	-2.56115E-9	0.00000E+0	0.00000E+0	1.99830E+0	0.00000E+0
1.91610E+0	-1.40000E-3	2.69892E-4	1.90974E-4	4.76841E-7	-9.76965E-7	-2.61936E-9	0.00000E+0	0.00000E+0	1.99750E+0	0.00000E+0
1.89890E+0	-1.39714E-3	2.68938E-4	6.19893E-5	-2.38420E-7	-9.76790E-7	-2.56115E-9	0.00000E+0	0.00000E+0	1.99990E+0	0.00000E+0
1.88180E+0	-1.39046E-3	2.67984E-4	2.14578E-5	-4.76841E-7	-9.76557E-7	-2.50294E-9	0.00000E+0	0.00000E+0	1.99620E+0	0.00000E+0
1.86460E+0	-1.37616E-3	2.65123E-4	4.67303E-5	-4.76841E-7	-9.76383E-7	-2.44474E-9	0.00000E+0	0.00000E+0	1.99840E+0	0.00000E+0
1.84750E+0	-1.35613E-3	2.60355E-4	1.24217E-4	-2.38420E-7	-9.76324E-7	-2.38653E-9	0.00000E+0	0.00000E+0	2.00000E+0	0.00000E+0
1.83030E+0	-1.32561E-3	2.54633E-4	2.43903E-4	0.00000E+0	-9.76441E-7	-2.32832E-9	0.00000E+0	0.00000E+0	1.99910E+0	0.00000E+0
1.81320E+0	-1.29224E-3	2.47957E-4	3.82187E-4	4.76841E-7	-9.76674E-7	-2.32832E-9	0.00000E+0	0.00000E+0	2.00010E+0	0.00000E+0
1.79600E+0	-1.26744E-3	2.43188E-4	4.87329E-4	9.53682E-7	-9.76790E-7	-2.38653E-9	0.00000E+0	0.00000E+0	1.99840E+0	0.00000E+0
1.77890E+0	-1.26076E-3	2.43188E-4	5.27147E-4	1.43052E-6	-9.76965E-7	-2.38653E-9	0.00000E+0	0.00000E+0	1.99770E+0	0.00000E+0
1.76170E+0	-1.26172E-3	2.43188E-4	4.88045E-4	1.43052E-6	-9.77139E-7	-2.50294E-9	0.00000E+0	0.00000E+0	1.99830E+0	0.00000E+0
1.74450E+0	-1.26267E-3	2.43188E-4	3.74796E-4	1.19210E-6	-9.77256E-7	-2.61936E-9	0.00000E+0	0.00000E+0	2.00180E+0	0.00000E+0
1.72740E+0	-1.26076E-3	2.43188E-4	2.06710E-4	4.76841E-7	-9.77256E-7	-2.67757E-9	0.00000E+0	0.00000E+0	2.00130E+0	0.00000E+0
1.71020E+0	-1.25504E-3	2.41281E-4	6.69961E-5	0.00000E+0	-9.77139E-7	-2.67757E-9	0.00000E+0	0.00000E+0	1.99780E+0	0.00000E+0
1.69310E+0	-1.24455E-3	2.39373E-4	3.29020E-5	0.00000E+0	-9.76965E-7	-2.61936E-9	0.00000E+0	0.00000E+0	2.00000E+0	0.00000E+0
1.67590E+0	-1.22262E-3	2.35558E-4	8.39238E-5	0.00000E+0	-9.76906E-7	-2.50294E-9	0.00000E+0	0.00000E+0	1.99700E+0	0.00000E+0
1.65880E+0	-1.19496E-3	2.29836E-4	2.00749E-4	2.38420E-7	-9.76906E-7	-2.44474E-9	0.00000E+0	0.00000E+0	1.99440E+0	0.00000E+0
1.64160E+0	-1.16254E-3	2.23161E-4	3.35695E-4	4.76841E-7	-9.76965E-7	-2.44474E-9	0.00000E+0	0.00000E+0	2.00180E+0	0.00000E+0
1.62450E+0	-1.14823E-3	2.21253E-4	4.42268E-4	9.53682E-7	-9.77023E-7	-2.44474E-9	0.00000E+0	0.00000E+0	1.99780E+0	0.00000E+0
1.60730E+0	-1.14823E-3	2.21253E-4	4.56097E-4	9.53682E-7	-9.77197E-7	-2.50294E-9	0.00000E+0	0.00000E+0	1.99940E+0	0.00000E+0
1.59020E+0	-1.15014E-3	2.21253E-4	3.70504E-4	9.53682E-7	-9.77372E-7	-2.61936E-9	0.00000E+0	0.00000E+0	1.99910E+0	0.00000E+0
1.57300E+0	-1.14632E-3	2.20300E-4	2.10048E-4	4.76841E-7	-9.77430E-7	-2.67757E-9	0.00000E+0	0.00000E+0	1.99850E+0	0.00000E+0
1.55590E+0	-1.13869E-3	2.18392E-4	7.22413E-5	0.00000E+0	-9.77372E-7	-2.67757E-9	0.00000E+0	0.00000E+0	2.00100E+0	0.00000E+0
1.53870E+0	-1.12153E-3	2.15531E-4	5.10218E-5	0.00000E+0	-9.77372E-7	-2.67757E-9	0.00000E+0	0.00000E+0	1.99840E+0	0.00000E+0
1.52150E+0	-1.09483E-3	2.09809E-4	1.31370E-4	2.38420E-7	-9.77430E-7	-2.61936E-9	0.00000E+0	0.00000E+0	2.00080E+0	0.00000E+0
1.50440E+0	-1.06431E-3	2.05041E-4	2.70607E-4	7.15259E-7	-9.77372E-7	-2.50294E-9	0.00000E+0	0.00000E+0	1.99840E+0	0.00000E+0
1.48720E+0	-1.05382E-3	2.03134E-4	3.85286E-4	1.19210E-6	-9.77256E-7	-2.50294E-9	0.00000E+0	0.00000E+0	2.00040E+0	0.00000E+0
1.47010E+0	-1.05477E-3	2.03134E-4	3.98161E-4	1.19210E-6	-9.77314E-7	-2.61936E-9	0.00000E+0	0.00000E+0	2.00040E+0	0.00000E+0
1.45290E+0	-1.05286E-3	2.02180E-4	2.98264E-4	7.15259E-7	-9.77430E-7	-2.67757E-9	0.00000E+0	0.00000E+0	1.99960E+0	0.00000E+0
1.43580E+0	-1.04523E-3	2.01226E-4	1.33277E-4	0.00000E+0	-9.77547E-7	-2.73577E-9	0.00000E+0	0.00000E+0	1.99900E+0	0.00000E+0
1.41860E+0	-1.02807E-3	1.97412E-4	5.84128E-5	-2.38420E-7	-9.77663E-7	-2.67757E-9	0.00000E+0	0.00000E+0	2.00000E+0	0.00000E+0
1.40150E+0	-9.99458E-4	1.91689E-4	1.26124E-4	0.00000E+0	-9.77721E-7	-2.67757E-9	0.00000E+0	0.00000E+0	1.99830E+0	0.00000E+0
1.38430E+0	-9.77524E-4	1.87875E-4	2.62739E-4	7.15259E-7	-9.77605E-7	-2.61936E-9	0.00000E+0	0.00000E+0	1.99800E+0	0.00000E+0
1.36720E+0	-9.74659E-4	1.87875E-4	3.56914E-4	1.19210E-6	-9.77489E-7	-2.61936E-9	0.00000E+0	0.00000E+0	1.99630E+0	0.00000E+0
1.35000E+0	-9.73705E-4	1.87875E-4	3.37126E-4	1.19210E-6	-9.77547E-7	-2.67757E-9	0.00000E+0	0.00000E+0	2.00180E+0	0.00000E+0
1.33290E+0	-9.67029E-4	1.85967E-4	2.04802E-4	4.76841E-7	-9.77663E-7	-2.73577E-9	0.00000E+0	0.00000E+0	2.00100E+0	0.00000E+0
1.31570E+0	-9.50817E-4	1.82153E-4	8.08244E-5	0.00000E+0	-9.77838E-7	-2.73577E-9	0.00000E+0	0.00000E+0	2.00000E+0	0.00000E+0
1.29860E+0	-9.22207E-4	1.76431E-4	1.22310E-4	0.00000E+0	-9.77838E-7	-2.67757E-9	0.00000E+0	0.00000E+0	1.99950E+0	0.00000E+0
1.28140E+0	-9.06948E-4	1.74523E-4	2.52964E-4	7.15259E-7	-9.77721E-7	-2.67757E-9	0.00000E+0	0.00000E+0	1.99550E+0	0.00000E+0
1.26420E+0	-9.05994E-4	1.74523E-4	3.25443E-4	9.53682E-7	-9.77663E-7	-2.67757E-9	0.00000E+0	0.00000E+0	1.99940E+0	0.00000E+0
1.24710E+0	-9.01226E-4	1.72616E-4	2.62024E-4	9.53682E-7	-9.77838E-7	-2.73577E-9	0.00000E+0	0.00000E+0	2.00080E+0	0.00000E+0
1.22990E+0	-8.85967E-4	1.69755E-4	1.17541E-4	2.38420E-7	-9.77954E-7	-2.73577E-9	0.00000E+0	0.00000E+0	2.00000E+0	0.00000E+0
1.21280E+0	-8.60218E-4	1.64987E-4	1.10150E-4	0.00000E+0	-9.77896E-7	-2.73577E-9	0.00000E+0	0.00000E+0	1.99740E+0	0.00000E+0
1.19560E+0	-8.47820E-4	1.63079E-4	2.28644E-4	4.76841E-7	-9.77780E-7	-2.67757E-9	0.00000E+0	0.00000E+0	1.99910E+0	0.00000E+0
1.17850E+0	-8.45913E-4	1.62126E-4	2.95641E-4	9.53682E-7	-9.77838E-7	-2.73577E-9	0.00000E+0	0.00000E+0	1.99880E+0	0.00000E+0
1.16130E+0	-8.36376E-4	1.60218E-4	2.17439E-4	4.76841E-7	-9.78071E-7	-2.85219E-9	0.00000E+0	0.00000E+0	1.99900E+0	0.00000E+0
1.14420E+0	-8.14442E-4	1.56404E-4	1.05620E-4	2.38420E-7	-9.78071E-7	-2.79398E-9	0.00000E+0	0.00000E+0	2.00010E+0	0.00000E+0
1.12700E+0	-7.97275E-4	1.52589E-4	1.64748E-4	4.76841E-7	-9.77896E-7	-2.73577E-9	0.00000E+0	0.00000E+0	1.99790E+0	0.00000E+0
1.10990E+0	-7.93461E-4	1.52589E-4	2.63693E-4	7.15259E-7	-9.77896E-7	-2.73577E-9	0.00000E+0	0.00000E+0	2.00190E+0	0.00000E+0
1.09270E+0	-7.84878E-4	1.49728E-4	2.30790E-4	7.15259E-7	-9.78187E-7	-2.85219E-9	0.00000E+0	0.00000E+0	1.99940E+0	0.00000E+0
1.07560E+0	-7.62943E-4	1.45913E-4	1.21117E-4	2.38420E-7	-9.78129E-7	-2.79398E-9	0.00000E+0	0.00000E+0	2.00020E+0	0.00000E+0
1.05840E+0	-7.49592E-4	1.44006E-4	1.72139E-4	4.76841E-7	-9.77954E-7	-2.73577E-9	0.00000E+0	0.00000E+0	2.00010E+0	0.00000E+0
1.04130E+0	-7.44823E-4	1.43052E-4	2.50341E-4	7.15259E-7	-9.78071E-7	-2.79398E-9	0.00000E+0	0.00000E+0	1.99970E+0	0.00000E+0
1.02410E+0	-7.29565E-4	1.39237E-4	1.82630E-4	4.76841E-7	-9.78245E-7	-2.85219E-9	0.00000E+0	0.00000E+0	1.99880E+0	0.00000E+0
1.00690E+0	-7.11445E-4	1.36376E-4	1.34231E-4	2.38420E-7	-9.78071E-7	-2.79398E-9	0.00000E+0	0.00000E+0	2.00100E+0	0.00000E+0
9.89800E-1	-7.04769E-4	1.35423E-4	2.19108E-4	7.15259E-7	-9.78129E-7	-2.85219E-9	0.00000E+0	0.00000E+0	2.00140E+0	0.00000E+0
9.72600E-1	-6.91418E-4	1.32562E-4	2.03372E-4	7.15259E-7	-9.78303E-7	-2.85219E-9	0.00000E+0	0.00000E+0	1.99940E+0	0.00000E+0
9.55500E-1	-6.75205E-4	1.29701E-4	1.37568E-4	4.76841E-7	-9.78129E-7	-2.79398E-9	0.00000E+0	0.00000E+0	1.99760E+0	0.00000E+0
9.38300E-1	-6.67576E-4	1.27793E-4	2.06233E-4	7.15259E-7	-9.78245E-7	-2.85219E-9	0.00000E+0	0.00000E+0	2.00110E+0	0.00000E+0
9.21200E-1	-6.51363E-4	1.24932E-4	1.95266E-4	4.76841E-7	-9.78303E-7	-2.85219E-9	0.00000E+0	0.00000E+0	1.99850E+0	0.00000E+0
9.04000E-1	-6.38966E-4	1.22071E-4	1.54735E-4	4.76841E-7	-9.78245E-7	-2.85219E-9	0.00000E+0	0.00000E+0	1.99860E+0	0.00000E+0
8.86900E-1	-6.28475E-4	1.20163E-4	2.10286E-4	4.76841E-7	-9.78362E-7	-2.85219E-9	0.00000E+0	0.00000E+0	2.00150E+0	0.00000E+0
8.69700E-1	-6.12263E-4	1.17302E-4	1.62602E-4	4.76841E-7	-9.78303E-7	-2.85219E-9	0.00000E+0	0.00000E+0	2.00040E+0	0.00000E+0
8.52600E-1	-6.02726E-4	1.15395E-4	1.85252E-4	4.76841E-7	-9.78362E-7	-2.85219E-9	0.00000E+0	0.00000E+0	1.99740E+0	0.00000E+0
8.35400E-1	-5.87467E-4	1.12534E-4	1.86444E-4	4.76841E-7	-9.78362E-7	-2.85219E-9	0.00000E+0	0.00000E+0	1.99870E+0	0.00000E+0
8.18300E-1	-5.77930E-4	1.10627E-4	1.71424E-4	4.76841E-7	-9.78420E-7	-2.91040E-9	0.00000E+0	0.00000E+0	2.00040E+0	0.00000E+0
8.01100E-1	-5.62672E-4	1.07766E-4	1.90974E-4	7.15259E-7	-9.78420E-7	-2.85219E-9	0.00000E+0	0.00000E+0	1.99890E+0	0.00000E+0
7.83900E-1	-5.52181E-4	1.05858E-4	1.72139E-4	4.76841E-7	-9.78478E-7	-2.91040E-9	0.00000E+0	0.00000E+0	1.99910E+0	0.00000E+0
7.66800E-1	-5.37876E-4	1.02997E-4	1.86683E-4	4.76841E-7	-9.78478E-7	-2.91040E-9	0.00000E+0	0.00000E+0	1.99700E+0	0.00000E+0
7.49600E-1	-5.25478E-4	1.01090E-4	1.79292E-4	4.76841E-7	-9.78478E-7	-2.91040E-9	0.00000E+0	0.00000E+0	2.00190E+0	0.00000E+0
7.32500E-1	-5.12127E-4	9.82289E-5	1.80245E-4	4.76841E-7	-9.78478E-7	-2.91040E-9	0.00000E+0	0.00000E+0	2.00000E+0	0.00000E+0
7.15300E-1	-4.99729E-4	9.53679E-5	1.87398E-4	4.76841E-7	-9.78478E-7	-2.91040E-9	0.00000E+0	0.00000E+0	1.99970E+0	0.00000E+0
6.98200E-1	-4.87329E-4	9.25069E-5	1.76431E-4	4.76841E-7	-9.78536E-7	-2.91040E-9	0.00000E+0	0.00000E+0	1.99990E+0	0.00000E+0
6.81000E-1	-4.73978E-4	9.05995E-5	1.84537E-4	4.76841E-7	-9.78536E-7	-2.91040E-9	0.00000E+0	0.00000E+0	1.99880E+0	0.00000E+0
6.63900E-1	-4.61580E-4	8.77385E-5	1.86444E-4	7.15259E-7	-9.78536E-7	-2.91040E-9	0.00000E+0	0.00000E+0	1.99850E+0	0.00000E+0
6.46700E-1	-4.49182E-4	8.58312E-5	1.82153E-4	4.76841E-7	-9.78594E-7	-2.91040E-9	0.00000E+0	0.00000E+0	1.99800E+0	0.00000E+0
6.29600E-1	-4.36785E-4	8.39238E-5	1.81676E-4	4.76841E-7	-9.78594E-7	-2.91040E-9	0.00000E+0	0.00000E+0	1.99970E+0	0.00000E+0
6.12400E-1	-4.23433E-4	8.10628E-5	1.84298E-4	4.76841E-7	-9.78594E-7	-2.91040E-9	0.00000E+0	0.00000E+0	1.99600E+0	0.00000E+0
5.95300E-1	-4.11035E-4	7.82018E-5	1.85729E-4	7.15259E-7	-9.78594E-7	-2.91040E-9	0.00000E+0	0.00000E+0	1.99820E+0	0.00000E+0
5.78100E-1	-3.98638E-4	7.62944E-5	1.85967E-4	7.15259E-7	-9.78653E-7	-2.91040E-9	0.00000E+0	0.00000E+0	2.00100E+0	0.00000E+0
5.61000E-1	-3.85286E-4	7.34334E-5	1.86444E-4	7.15259E-7	-9.78711E-7	-2.91040E-9	0.00000E+0	0.00000E+0	2.00250E+0	0.00000E+0
5.43800E-1	-3.72889E-4	7.05724E-5	1.86444E-4	7.15259E-7	-9.78711E-7	-2.96860E-9	0.00000E+0	0.00000E+0	2.00130E+0	0.00000E+0
5.26600E-1	-3.60491E-4	6.86650E-5	1.86683E-4	7.15259E-7	-9.78711E-7	-2.96860E-9	0.00000E+0	0.00000E+0	2.00280E+0	0.00000E+0
5.09500E-1	-3.47139E-4	6.58040E-5	1.87160E-4	7.15259E-7	-9.78711E-7	-2.96860E-9	0.00000E+0	0.00000E+0	2.00070E+0	0.00000E+0
4.92300E-1	-3.34742E-4	6.38966E-5	1.87636E-4	7.15259E-7	-9.78769E-7	-2.96860E-9	0.00000E+0	0.00000E+0	1.99960E+0	0.00000E+0
4.75200E-1	-3.21390E-4	6.19893E-5	1.87636E-4	7.15259E-7	-9.78769E-7	-2.96860E-9	0.00000E+0	0.00000E+0	1.99770E+0	0.00000E+0
4.58000E-1	-3.08992E-4	5.91280E-5	1.87636E-4	7.15259E-7	-9.78769E-7	-2.96860E-9	0.00000E+0	0.00000E+0	1.99990E+0	0.00000E+0
4.40900E-1	-2.96595E-4	5.62670E-5	1.87875E-4	7.15259E-7	-9.78769E-7	-2.96860E-9	0.00000E+0	0.00000E+0	2.00120E+0	0.00000E+0
4.23700E-1	-2.84197E-4	5.43597E-5	1.88113E-4	7.15259E-7	-9.78827E-7	-2.96860E-9	0.00000E+0	0.00000E+0	1.99820E+0	0.00000E+0
4.06800E-1	-2.70845E-4	5.14986E-5	1.88113E-4	7.15259E-7	-9.78827E-7	-2.96860E-9	0.00000E+0	0.00000E+0	1.99760E+0	0.00000E+0
3.89600E-1	-2.58448E-4	4.86376E-5	1.88113E-4	7.15259E-7	-9.78827E-7	-2.96860E-9	0.00000E+0	0.00000E+0	2.00040E+0	0.00000E+0
3.72500E-1	-2.45096E-4	4.67303E-5	1.88113E-4	7.15259E-7	-9.78886E-7	-2.96860E-9	0.00000E+0	0.00000E+0	1.99930E+0	0.00000E+0
3.55300E-1	-2.32697E-4	4.38693E-5	1.88113E-4	7.15259E-7	-9.78944E-7	-2.96860E-9	0.00000E+0	0.00000E+0	1.99700E+0	0.00000E+0
3.38200E-1	-2.19346E-4	4.19619E-5	1.88113E-4	7.15259E-7	-9.78944E-7	-3.02681E-9	0.00000E+0	0.00000E+0	1.99890E+0	0.00000E+0
3.21000E-1	-2.06948E-4	3.91009E-5	1.88113E-4	7.15259E-7	-9.78944E-7	-2.96860E-9	0.00000E+0	0.00000E+0	1.99840E+0	0.00000E+0
3.03900E-1	-1.94550E-4	3.71935E-5	1.88113E-4	7.15259E-7	-9.78944E-7	-3.02681E-9	0.00000E+0	0.00000E+0	2.00010E+0	0.00000E+0
2.86700E-1	-1.82153E-4	3.43325E-5	1.88113E-4	7.15259E-7	-9.78944E-7	-3.02681E-9	0.00000E+0	0.00000E+0	2.00070E+0	0.00000E+0
2.69600E-1	-1.68801E-4	3.24252E-5	1.88113E-4	7.15259E-7	-9.79002E-7	-3.02681E-9	0.00000E+0	0.00000E+0	2.00260E+0	0.00000E+0
2.52400E-1	-1.56404E-4	2.95640E-5	1.87875E-4	7.15259E-7	-9.79002E-7	-3.02681E-9	0.00000E+0	0.00000E+0	1.99760E+0	0.00000E+0
2.35300E-1	-1.44006E-4	2.67030E-5	1.87875E-4	7.15259E-7	-9.79002E-7	-3.02681E-9	0.00000E+0	0.00000E+0	1.99880E+0	0.00000E+0
2.18100E-1	-1.31608E-4	2.47956E-5	1.87636E-4	7.15259E-7	-9.79060E-7	-3.02681E-9	0.00000E+0	0.00000E+0	1.99950E+0	0.00000E+0
2.01000E-1	-1.18256E-4	2.19346E-5	1.87398E-4	7.15259E-7	-9.79060E-7	-3.08502E-9	0.00000E+0	0.00000E+0	1.99700E+0	0.00000E+0
1.83800E-1	-1.05858E-4	1.90736E-5	1.86921E-4	9.53682E-7	-9.79060E-7	-3.02681E-9	0.00000E+0	0.00000E+0	2.00260E+0	0.00000E+0
1.66700E-1	-9.34605E-5	1.71663E-5	1.86683E-4	9.53682E-7	-9.79060E-7	-3.08502E-9	0.00000E+0	0.00000E+0	2.00180E+0	0.00000E+0
1.49500E-1	-8.01091E-5	1.52589E-5	1.86921E-4	9.53682E-7	-9.79060E-7	-3.08502E-9	0.00000E+0	0.00000E+0	1.99740E+0	0.00000E+0
1.32300E-1	-6.67577E-5	1.23978E-5	1.86683E-4	9.53682E-7	-9.79060E-7	-3.08502E-9	0.00000E+0	0.00000E+0	1.99890E+0	0.00000E+0
1.15200E-1	-5.43597E-5	1.04905E-5	1.86683E-4	7.15259E-7	-9.79118E-7	-3.08502E-9	0.00000E+0	0.00000E+0	2.00100E+0	0.00000E+0
9.80000E-2	-4.19619E-5	7.62945E-6	1.86683E-4	9.53682E-7	-9.79118E-7	-3.08502E-9	0.00000E+0	0.00000E+0	1.99790E+0	0.00000E+0
8.09000E-2	-2.95640E-5	4.76840E-6	1.86444E-4	7.15259E-7	-9.79118E-7	-3.08502E-9	0.00000E+0	0.00000E+0	1.99850E+0	0.00000E+0
6.37000E-2	-1.62126E-5	1.90736E-6	1.85967E-4	9.53682E-7	-9.79118E-7	-3.08502E-9	0.00000E+0	0.00000E+0	1.99810E+0	1.13000E+0
4.66000E-2	-3.81473E-6	0.00000E+0	1.85967E-4	9.53682E-7	-9.79118E-7	-3.08502E-9	0.00000E+0	0.00000E+0	2.00050E+0	1.13310E+0
2.94000E-2	9.53680E-6	-2.86104E-6	1.85729E-4	7.15259E-7	-9.79118E-7	-3.08502E-9	0.00000E+0	0.00000E+0	2.00150E+0	1.12980E+0
1.23000E-2	2.19346E-5	-4.76840E-6	1.85252E-4	9.53682E-7	-9.79118E-7	-3.08502E-9	0.00000E+0	0.00000E+0	1.99960E+0	1.10570E+0
-4.90000E-3	3.52862E-5	-6.67575E-6	1.84775E-4	9.53682E-7	-9.79118E-7	-3.08502E-9	0.00000E+0	0.00000E+0	1.99960E+0	1.02630E+0
-2.20000E-2	4.76839E-5	-9.53680E-6	1.84775E-4	9.53682E-7	-9.79060E-7	-3.08502E-9	0.00000E+0	0.00000E+0	2.00210E+0	0.00000E+0
-3.92000E-2	6.10356E-5	-1.23978E-5	1.84537E-4	9.53682E-7	-9.79060E-7	-3.02681E-9	0.00000E+0	0.00000E+0	2.00170E+0	0.00000E+0
-5.63000E-2	7.24797E-5	-1.43052E-5	1.84298E-4	9.53682E-7	-9.79060E-7	-3.02681E-9	0.00000E+0	0.00000E+0	2.00000E+0	0.00000E+0
-7.35000E-2	7.43871E-5	-1.52589E-5	1.84298E-4	9.53682E-7	-9.79060E-7	-3.02681E-9	0.00000E+0	0.00000E+0	2.00050E+0	0.00000E+0
-9.06000E-2	7.43871E-5	-1.43052E-5	1.84298E-4	9.53682E-7	-9.79060E-7	-3.02681E-9	0.00000E+0	0.00000E+0	1.99850E+0	0.00000E+0
-1.00000E-1	7.34334E-5	-1.43052E-5	1.84298E-4	9.53682E-7	-9.79060E-7	-3.02681E-9	0.00000E+0	0.00000E+0	1.99750E+0	0.00000E+0
