B (T)	X1(V)	Y1 (V)	X2(V)	Y2(V)	X3 (V)	Y3 (V)	X4 (V)	Y4 (V)	SensA (V)	SensB (V)
0.00000E+0	7.72481E-5	-1.62126E-5	1.84298E-4	9.53682E-7	-9.78944E-7	-2.96860E-9	0.00000E+0	0.00000E+0	2.00060E+0	0.00000E+0
0.00000E+0	6.86650E-5	-1.33515E-5	2.22207E-4	9.53682E-7	-9.78944E-7	-2.96860E-9	0.00000E+0	0.00000E+0	1.99970E+0	0.00000E+0
0.00000E+0	5.53133E-5	-1.14442E-5	2.22445E-4	9.53682E-7	-9.78944E-7	-2.96860E-9	0.00000E+0	0.00000E+0	2.00030E+0	1.00800E+0
-9.61000E-2	4.19619E-5	-8.58313E-6	2.22445E-4	9.53682E-7	-9.78944E-7	-2.96860E-9	0.00000E+0	0.00000E+0	2.00130E+0	1.07300E+0
-7.92000E-2	2.86103E-5	-5.72208E-6	2.22922E-4	9.53682E-7	-9.78944E-7	-3.02681E-9	0.00000E+0	0.00000E+0	2.00040E+0	1.11460E+0
-6.20000E-2	1.43052E-5	-2.86104E-6	2.23399E-4	9.53682E-7	-9.78944E-7	-3.02681E-9	0.00000E+0	0.00000E+0	1.99930E+0	1.12600E+0
-4.49000E-2	9.53682E-7	0.00000E+0	2.22922E-4	9.53682E-7	-9.78944E-7	-3.02681E-9	0.00000E+0	0.00000E+0	1.99800E+0	1.12820E+0
-2.77000E-2	-1.33515E-5	1.90736E-6	2.23161E-4	9.53682E-7	-9.78944E-7	-3.02681E-9	0.00000E+0	0.00000E+0	1.99930E+0	1.14360E+0
-1.06000E-2	-2.67030E-5	4.76840E-6	2.23876E-4	9.53682E-7	-9.78944E-7	-3.02681E-9	0.00000E+0	0.00000E+0	1.99960E+0	1.12440E+0
6.60000E-3	-4.00546E-5	6.67575E-6	2.24114E-4	9.53682E-7	-9.78944E-7	-3.02681E-9	0.00000E+0	0.00000E+0	2.00140E+0	1.06800E+0
2.37000E-2	-5.34060E-5	9.53680E-6	2.24114E-4	9.53682E-7	-9.78944E-7	-3.02681E-9	0.00000E+0	0.00000E+0	2.00180E+0	0.00000E+0
4.09000E-2	-6.67577E-5	1.23978E-5	2.24353E-4	9.53682E-7	-9.78944E-7	-2.96860E-9	0.00000E+0	0.00000E+0	1.99880E+0	0.00000E+0
5.80000E-2	-8.01091E-5	1.52589E-5	2.24591E-4	9.53682E-7	-9.78944E-7	-2.96860E-9	0.00000E+0	0.00000E+0	2.00160E+0	0.00000E+0
7.52000E-2	-9.34605E-5	1.71663E-5	2.24830E-4	9.53682E-7	-9.78886E-7	-2.96860E-9	0.00000E+0	0.00000E+0	2.00140E+0	0.00000E+0
9.23000E-2	-1.06812E-4	2.00273E-5	2.25068E-4	9.53682E-7	-9.78886E-7	-2.96860E-9	0.00000E+0	0.00000E+0	1.99960E+0	0.00000E+0
1.09500E-1	-1.20163E-4	2.28883E-5	2.25068E-4	9.53682E-7	-9.78886E-7	-2.96860E-9	0.00000E+0	0.00000E+0	2.00090E+0	0.00000E+0
1.26700E-1	-1.34469E-4	2.57493E-5	2.25306E-4	9.53682E-7	-9.78827E-7	-2.96860E-9	0.00000E+0	0.00000E+0	2.00330E+0	0.00000E+0
1.43800E-1	-1.47820E-4	2.86103E-5	2.25783E-4	9.53682E-7	-9.78827E-7	-2.96860E-9	0.00000E+0	0.00000E+0	1.99880E+0	0.00000E+0
1.61000E-1	-1.61172E-4	3.05178E-5	2.25783E-4	9.53682E-7	-9.78827E-7	-2.96860E-9	0.00000E+0	0.00000E+0	2.00310E+0	0.00000E+0
1.78100E-1	-1.74523E-4	3.33788E-5	2.25545E-4	9.53682E-7	-9.78827E-7	-2.96860E-9	0.00000E+0	0.00000E+0	2.00050E+0	0.00000E+0
1.95300E-1	-1.87875E-4	3.62399E-5	2.25783E-4	9.53682E-7	-9.78827E-7	-2.96860E-9	0.00000E+0	0.00000E+0	1.99960E+0	0.00000E+0
2.12400E-1	-2.02180E-4	3.81472E-5	2.25783E-4	9.53682E-7	-9.78769E-7	-2.96860E-9	0.00000E+0	0.00000E+0	1.99790E+0	0.00000E+0
2.29600E-1	-2.15531E-4	4.10082E-5	2.25783E-4	9.53682E-7	-9.78769E-7	-2.96860E-9	0.00000E+0	0.00000E+0	2.00020E+0	0.00000E+0
2.46700E-1	-2.28883E-4	4.38693E-5	2.25783E-4	9.53682E-7	-9.78769E-7	-2.96860E-9	0.00000E+0	0.00000E+0	1.99880E+0	0.00000E+0
2.63900E-1	-2.42234E-4	4.57766E-5	2.26260E-4	9.53682E-7	-9.78711E-7	-2.96860E-9	0.00000E+0	0.00000E+0	2.00160E+0	0.00000E+0
2.81000E-1	-2.55587E-4	4.86376E-5	2.26499E-4	9.53682E-7	-9.78711E-7	-2.96860E-9	0.00000E+0	0.00000E+0	1.99790E+0	0.00000E+0
2.98200E-1	-2.68938E-4	5.14986E-5	2.26737E-4	9.53682E-7	-9.78711E-7	-2.96860E-9	0.00000E+0	0.00000E+0	1.99730E+0	0.00000E+0
3.15300E-1	-2.82289E-4	5.43597E-5	2.26260E-4	9.53682E-7	-9.78711E-7	-2.96860E-9	0.00000E+0	0.00000E+0	2.00260E+0	0.00000E+0
3.32500E-1	-2.95641E-4	5.62670E-5	2.25783E-4	9.53682E-7	-9.78653E-7	-2.96860E-9	0.00000E+0	0.00000E+0	1.99980E+0	0.00000E+0
3.49700E-1	-3.09946E-4	5.91280E-5	2.26260E-4	9.53682E-7	-9.78594E-7	-2.91040E-9	0.00000E+0	0.00000E+0	1.99940E+0	0.00000E+0
3.66800E-1	-3.23297E-4	6.19893E-5	2.26260E-4	9.53682E-7	-9.78594E-7	-2.91040E-9	0.00000E+0	0.00000E+0	2.00210E+0	0.00000E+0
3.84000E-1	-3.36649E-4	6.38966E-5	2.26499E-4	9.53682E-7	-9.78594E-7	-2.91040E-9	0.00000E+0	0.00000E+0	2.00330E+0	0.00000E+0
4.01100E-1	-3.50000E-4	6.67577E-5	2.26260E-4	9.53682E-7	-9.78594E-7	-2.91040E-9	0.00000E+0	0.00000E+0	1.99990E+0	0.00000E+0
4.18300E-1	-3.63352E-4	6.96187E-5	2.26260E-4	9.53682E-7	-9.78594E-7	-2.91040E-9	0.00000E+0	0.00000E+0	2.00000E+0	0.00000E+0
4.35400E-1	-3.76703E-4	7.24797E-5	2.26260E-4	9.53682E-7	-9.78536E-7	-2.91040E-9	0.00000E+0	0.00000E+0	2.00040E+0	0.00000E+0
4.52600E-1	-3.91008E-4	7.43871E-5	2.25306E-4	9.53682E-7	-9.78536E-7	-2.91040E-9	0.00000E+0	0.00000E+0	2.00020E+0	0.00000E+0
4.69700E-1	-4.03406E-4	7.72481E-5	2.24830E-4	9.53682E-7	-9.78536E-7	-2.91040E-9	0.00000E+0	0.00000E+0	1.99830E+0	0.00000E+0
4.86900E-1	-4.17711E-4	8.01091E-5	2.24114E-4	9.53682E-7	-9.78536E-7	-2.91040E-9	0.00000E+0	0.00000E+0	2.00290E+0	0.00000E+0
5.04000E-1	-4.31063E-4	8.29701E-5	2.24114E-4	9.53682E-7	-9.78478E-7	-2.91040E-9	0.00000E+0	0.00000E+0	2.00100E+0	0.00000E+0
5.21200E-1	-4.45368E-4	8.58312E-5	2.24114E-4	9.53682E-7	-9.78478E-7	-2.91040E-9	0.00000E+0	0.00000E+0	1.99750E+0	0.00000E+0
5.38300E-1	-4.58719E-4	8.77385E-5	2.25068E-4	9.53682E-7	-9.78478E-7	-2.91040E-9	0.00000E+0	0.00000E+0	2.00210E+0	0.00000E+0
5.55500E-1	-4.72071E-4	9.05995E-5	2.23876E-4	9.53682E-7	-9.78478E-7	-2.91040E-9	0.00000E+0	0.00000E+0	2.00110E+0	0.00000E+0
5.72600E-1	-4.85422E-4	9.25069E-5	2.19584E-4	7.15259E-7	-9.78420E-7	-2.91040E-9	0.00000E+0	0.00000E+0	2.00110E+0	0.00000E+0
5.89800E-1	-4.98775E-4	9.53679E-5	2.20777E-4	7.15259E-7	-9.78420E-7	-2.91040E-9	0.00000E+0	0.00000E+0	2.00110E+0	0.00000E+0
6.07000E-1	-5.12127E-4	9.82289E-5	2.23399E-4	7.15259E-7	-9.78420E-7	-2.91040E-9	0.00000E+0	0.00000E+0	2.00040E+0	0.00000E+0
6.24100E-1	-5.25478E-4	1.01090E-4	2.13386E-4	7.15259E-7	-9.78362E-7	-2.85219E-9	0.00000E+0	0.00000E+0	2.00070E+0	0.00000E+0
6.41300E-1	-5.38830E-4	1.03951E-4	2.21253E-4	9.53682E-7	-9.78362E-7	-2.85219E-9	0.00000E+0	0.00000E+0	1.99980E+0	0.00000E+0
6.58400E-1	-5.53135E-4	1.05858E-4	2.17916E-4	7.15259E-7	-9.78362E-7	-2.85219E-9	0.00000E+0	0.00000E+0	1.99930E+0	0.00000E+0
6.75600E-1	-5.67440E-4	1.08719E-4	2.13862E-4	7.15259E-7	-9.78303E-7	-2.85219E-9	0.00000E+0	0.00000E+0	2.00080E+0	0.00000E+0
6.92700E-1	-5.79838E-4	1.10627E-4	2.22922E-4	7.15259E-7	-9.78362E-7	-2.85219E-9	0.00000E+0	0.00000E+0	2.00260E+0	0.00000E+0
7.09900E-1	-5.94143E-4	1.13488E-4	2.10286E-4	7.15259E-7	-9.78303E-7	-2.85219E-9	0.00000E+0	0.00000E+0	1.99830E+0	0.00000E+0
7.27000E-1	-6.06541E-4	1.16349E-4	2.20777E-4	7.15259E-7	-9.78303E-7	-2.85219E-9	0.00000E+0	0.00000E+0	2.00160E+0	0.00000E+0
7.44200E-1	-6.20846E-4	1.19210E-4	2.14101E-4	7.15259E-7	-9.78245E-7	-2.85219E-9	0.00000E+0	0.00000E+0	2.00140E+0	0.00000E+0
7.61300E-1	-6.34197E-4	1.21117E-4	2.06948E-4	7.15259E-7	-9.78245E-7	-2.85219E-9	0.00000E+0	0.00000E+0	2.00050E+0	0.00000E+0
7.78500E-1	-6.46595E-4	1.23979E-4	2.30313E-4	7.15259E-7	-9.78245E-7	-2.85219E-9	0.00000E+0	0.00000E+0	2.00020E+0	0.00000E+0
7.95600E-1	-6.62807E-4	1.27793E-4	1.89305E-4	4.76841E-7	-9.78129E-7	-2.79398E-9	0.00000E+0	0.00000E+0	2.00230E+0	0.00000E+0
8.12800E-1	-6.73298E-4	1.29701E-4	2.36035E-4	7.15259E-7	-9.78303E-7	-2.85219E-9	0.00000E+0	0.00000E+0	1.99970E+0	0.00000E+0
8.29900E-1	-6.88557E-4	1.32562E-4	2.08140E-4	7.15259E-7	-9.78187E-7	-2.85219E-9	0.00000E+0	0.00000E+0	1.99860E+0	0.00000E+0
8.47100E-1	-7.03815E-4	1.34469E-4	1.88352E-4	4.76841E-7	-9.78129E-7	-2.79398E-9	0.00000E+0	0.00000E+0	2.00100E+0	0.00000E+0
8.64300E-1	-7.12398E-4	1.36376E-4	2.47719E-4	9.53682E-7	-9.78245E-7	-2.85219E-9	0.00000E+0	0.00000E+0	2.00030E+0	0.00000E+0
8.81400E-1	-7.30518E-4	1.40191E-4	1.98604E-4	4.76841E-7	-9.78071E-7	-2.79398E-9	0.00000E+0	0.00000E+0	1.99650E+0	0.00000E+0
8.98600E-1	-7.44823E-4	1.43052E-4	1.80484E-4	4.76841E-7	-9.78012E-7	-2.73577E-9	0.00000E+0	0.00000E+0	2.00000E+0	0.00000E+0
9.15700E-1	-7.51499E-4	1.44006E-4	2.55825E-4	9.53682E-7	-9.78187E-7	-2.85219E-9	0.00000E+0	0.00000E+0	2.00110E+0	0.00000E+0
9.32900E-1	-7.66758E-4	1.47820E-4	2.26499E-4	7.15259E-7	-9.78129E-7	-2.85219E-9	0.00000E+0	0.00000E+0	2.00020E+0	0.00000E+0
9.50000E-1	-7.86785E-4	1.50681E-4	1.54019E-4	4.76841E-7	-9.77896E-7	-2.73577E-9	0.00000E+0	0.00000E+0	1.99970E+0	0.00000E+0
9.67200E-1	-7.94414E-4	1.52589E-4	2.19584E-4	7.15259E-7	-9.78012E-7	-2.73577E-9	0.00000E+0	0.00000E+0	2.00050E+0	0.00000E+0
9.84300E-1	-8.02997E-4	1.54496E-4	2.76329E-4	9.53682E-7	-9.78129E-7	-2.85219E-9	0.00000E+0	0.00000E+0	2.00170E+0	0.00000E+0
1.00150E+0	-8.24932E-4	1.59265E-4	1.98127E-4	4.76841E-7	-9.78012E-7	-2.79398E-9	0.00000E+0	0.00000E+0	1.99950E+0	0.00000E+0
1.01860E+0	-8.42098E-4	1.61172E-4	1.42337E-4	2.38420E-7	-9.77838E-7	-2.73577E-9	0.00000E+0	0.00000E+0	1.99970E+0	0.00000E+0
1.03580E+0	-8.46867E-4	1.62126E-4	2.37466E-4	7.15259E-7	-9.77896E-7	-2.73577E-9	0.00000E+0	0.00000E+0	1.99880E+0	0.00000E+0
1.05290E+0	-8.55450E-4	1.64033E-4	2.97310E-4	9.53682E-7	-9.78071E-7	-2.79398E-9	0.00000E+0	0.00000E+0	1.99830E+0	0.00000E+0
1.07010E+0	-8.77384E-4	1.68801E-4	2.23161E-4	7.15259E-7	-9.78012E-7	-2.79398E-9	0.00000E+0	0.00000E+0	2.00100E+0	0.00000E+0
1.08720E+0	-8.97411E-4	1.72616E-4	1.25409E-4	2.38420E-7	-9.77838E-7	-2.73577E-9	0.00000E+0	0.00000E+0	2.00120E+0	0.00000E+0
1.10440E+0	-9.05994E-4	1.74523E-4	1.72139E-4	4.76841E-7	-9.77780E-7	-2.67757E-9	0.00000E+0	0.00000E+0	1.99990E+0	0.00000E+0
1.12160E+0	-9.08855E-4	1.74523E-4	2.97787E-4	9.53682E-7	-9.77838E-7	-2.73577E-9	0.00000E+0	0.00000E+0	2.00030E+0	0.00000E+0
1.13870E+0	-9.22207E-4	1.77384E-4	3.12092E-4	9.53682E-7	-9.77896E-7	-2.73577E-9	0.00000E+0	0.00000E+0	2.00020E+0	0.00000E+0
1.15590E+0	-9.47956E-4	1.83106E-4	2.06948E-4	4.76841E-7	-9.77838E-7	-2.79398E-9	0.00000E+0	0.00000E+0	2.00160E+0	0.00000E+0
1.17300E+0	-9.67029E-4	1.85967E-4	1.08958E-4	0.00000E+0	-9.77780E-7	-2.73577E-9	0.00000E+0	0.00000E+0	1.99980E+0	0.00000E+0
1.19020E+0	-9.74659E-4	1.87875E-4	1.52589E-4	4.76841E-7	-9.77663E-7	-2.67757E-9	0.00000E+0	0.00000E+0	2.00170E+0	0.00000E+0
1.20730E+0	-9.75613E-4	1.87875E-4	2.93972E-4	9.53682E-7	-9.77721E-7	-2.67757E-9	0.00000E+0	0.00000E+0	1.99790E+0	0.00000E+0
1.22450E+0	-9.81338E-4	1.88828E-4	3.59299E-4	9.53682E-7	-9.77780E-7	-2.67757E-9	0.00000E+0	0.00000E+0	2.00250E+0	0.00000E+0
1.24160E+0	-1.00613E-3	1.93597E-4	3.07085E-4	9.53682E-7	-9.77663E-7	-2.73577E-9	0.00000E+0	0.00000E+0	2.00010E+0	0.00000E+0
1.25880E+0	-1.03284E-3	1.99319E-4	1.74762E-4	2.38420E-7	-9.77605E-7	-2.73577E-9	0.00000E+0	0.00000E+0	2.00150E+0	0.00000E+0
1.27590E+0	-1.04905E-3	2.01226E-4	8.84538E-5	0.00000E+0	-9.77605E-7	-2.67757E-9	0.00000E+0	0.00000E+0	1.99840E+0	0.00000E+0
1.29310E+0	-1.05477E-3	2.03134E-4	1.42337E-4	4.76841E-7	-9.77547E-7	-2.61936E-9	0.00000E+0	0.00000E+0	1.99940E+0	0.00000E+0
1.31020E+0	-1.05477E-3	2.03134E-4	2.90634E-4	9.53682E-7	-9.77547E-7	-2.61936E-9	0.00000E+0	0.00000E+0	1.99930E+0	0.00000E+0
1.32740E+0	-1.05859E-3	2.03134E-4	3.92200E-4	1.43052E-6	-9.77605E-7	-2.61936E-9	0.00000E+0	0.00000E+0	2.00280E+0	0.00000E+0
1.34460E+0	-1.07861E-3	2.07902E-4	3.81472E-4	1.19210E-6	-9.77547E-7	-2.67757E-9	0.00000E+0	0.00000E+0	2.00020E+0	0.00000E+0
1.36170E+0	-1.11008E-3	2.13624E-4	2.71084E-4	4.76841E-7	-9.77372E-7	-2.67757E-9	0.00000E+0	0.00000E+0	2.00050E+0	0.00000E+0
1.37890E+0	-1.13393E-3	2.18392E-4	1.37092E-4	0.00000E+0	-9.77372E-7	-2.67757E-9	0.00000E+0	0.00000E+0	2.00070E+0	0.00000E+0
1.39600E+0	-1.14537E-3	2.20300E-4	6.48503E-5	-2.38420E-7	-9.77430E-7	-2.67757E-9	0.00000E+0	0.00000E+0	1.99960E+0	0.00000E+0
1.41320E+0	-1.15014E-3	2.21253E-4	1.17064E-4	2.38420E-7	-9.77372E-7	-2.61936E-9	0.00000E+0	0.00000E+0	2.00250E+0	0.00000E+0
1.43030E+0	-1.15014E-3	2.21253E-4	2.75137E-4	9.53682E-7	-9.77372E-7	-2.56115E-9	0.00000E+0	0.00000E+0	2.00280E+0	0.00000E+0
1.44750E+0	-1.15014E-3	2.21253E-4	4.12466E-4	1.43052E-6	-9.77430E-7	-2.56115E-9	0.00000E+0	0.00000E+0	2.00110E+0	0.00000E+0
1.46460E+0	-1.16158E-3	2.24114E-4	4.55620E-4	1.43052E-6	-9.77372E-7	-2.61936E-9	0.00000E+0	0.00000E+0	2.00010E+0	0.00000E+0
1.48180E+0	-1.19401E-3	2.29836E-4	3.97922E-4	1.19210E-6	-9.77256E-7	-2.61936E-9	0.00000E+0	0.00000E+0	1.99960E+0	0.00000E+0
1.49890E+0	-1.22357E-3	2.35558E-4	2.61070E-4	4.76841E-7	-9.77197E-7	-2.61936E-9	0.00000E+0	0.00000E+0	2.00080E+0	0.00000E+0
1.51610E+0	-1.24646E-3	2.39373E-4	1.41383E-4	0.00000E+0	-9.77197E-7	-2.67757E-9	0.00000E+0	0.00000E+0	2.00000E+0	0.00000E+0
1.53320E+0	-1.25790E-3	2.41281E-4	5.74591E-5	-4.76841E-7	-9.77256E-7	-2.61936E-9	0.00000E+0	0.00000E+0	1.99940E+0	0.00000E+0
1.55040E+0	-1.26267E-3	2.43188E-4	6.46119E-5	-4.76841E-7	-9.77197E-7	-2.56115E-9	0.00000E+0	0.00000E+0	2.00130E+0	0.00000E+0
1.56750E+0	-1.26458E-3	2.43188E-4	1.84537E-4	2.38420E-7	-9.77081E-7	-2.50294E-9	0.00000E+0	0.00000E+0	2.00000E+0	0.00000E+0
1.58470E+0	-1.26267E-3	2.43188E-4	3.47139E-4	9.53682E-7	-9.77023E-7	-2.44474E-9	0.00000E+0	0.00000E+0	1.99970E+0	0.00000E+0
1.60190E+0	-1.26267E-3	2.43188E-4	4.75170E-4	1.43052E-6	-9.77023E-7	-2.44474E-9	0.00000E+0	0.00000E+0	1.99980E+0	0.00000E+0
1.61900E+0	-1.27793E-3	2.47004E-4	5.24763E-4	1.90736E-6	-9.77023E-7	-2.50294E-9	0.00000E+0	0.00000E+0	2.00080E+0	0.00000E+0
1.63620E+0	-1.30940E-3	2.52726E-4	4.80654E-4	1.66894E-6	-9.76965E-7	-2.50294E-9	0.00000E+0	0.00000E+0	1.99780E+0	0.00000E+0
1.65330E+0	-1.34278E-3	2.58448E-4	3.68597E-4	9.53682E-7	-9.76906E-7	-2.56115E-9	0.00000E+0	0.00000E+0	2.00030E+0	0.00000E+0
1.67050E+0	-1.36948E-3	2.64170E-4	2.30313E-4	4.76841E-7	-9.76965E-7	-2.61936E-9	0.00000E+0	0.00000E+0	2.00150E+0	0.00000E+0
1.68760E+0	-1.38856E-3	2.67031E-4	1.12772E-4	0.00000E+0	-9.77139E-7	-2.61936E-9	0.00000E+0	0.00000E+0	2.00110E+0	0.00000E+0
1.70480E+0	-1.39714E-3	2.68938E-4	4.33924E-5	-4.76841E-7	-9.77139E-7	-2.61936E-9	0.00000E+0	0.00000E+0	1.99730E+0	0.00000E+0
1.72170E+0	-1.40191E-3	2.69892E-4	3.64783E-5	-4.76841E-7	-9.77081E-7	-2.50294E-9	0.00000E+0	0.00000E+0	2.00060E+0	0.00000E+0
1.73890E+0	-1.40382E-3	2.69892E-4	1.18256E-4	-2.38420E-7	-9.76906E-7	-2.44474E-9	0.00000E+0	0.00000E+0	2.00090E+0	0.00000E+0
1.75600E+0	-1.40286E-3	2.69892E-4	2.71084E-4	4.76841E-7	-9.76674E-7	-2.32832E-9	0.00000E+0	0.00000E+0	1.99820E+0	0.00000E+0
1.77320E+0	-1.40000E-3	2.69892E-4	4.25579E-4	9.53682E-7	-9.76557E-7	-2.27011E-9	0.00000E+0	0.00000E+0	2.00000E+0	0.00000E+0
1.79030E+0	-1.40191E-3	2.69892E-4	5.51227E-4	1.43052E-6	-9.76441E-7	-2.27011E-9	0.00000E+0	0.00000E+0	2.00110E+0	0.00000E+0
1.80750E+0	-1.41812E-3	2.73706E-4	6.06064E-4	1.66894E-6	-9.76441E-7	-2.27011E-9	0.00000E+0	0.00000E+0	1.99900E+0	0.00000E+0
1.82460E+0	-1.45150E-3	2.80382E-4	5.86752E-4	1.66894E-6	-9.76324E-7	-2.38653E-9	0.00000E+0	0.00000E+0	2.00010E+0	0.00000E+0
1.84180E+0	-1.48392E-3	2.87058E-4	4.98299E-4	1.43052E-6	-9.76383E-7	-2.44474E-9	0.00000E+0	0.00000E+0	2.00180E+0	0.00000E+0
1.85890E+0	-1.51730E-3	2.92780E-4	3.78372E-4	9.53682E-7	-9.76499E-7	-2.50294E-9	0.00000E+0	0.00000E+0	1.99870E+0	0.00000E+0
1.87610E+0	-1.54210E-3	2.97548E-4	2.37943E-4	4.76841E-7	-9.76674E-7	-2.56115E-9	0.00000E+0	0.00000E+0	1.99800E+0	0.00000E+0
1.89320E+0	-1.55831E-3	3.00409E-4	1.23979E-4	0.00000E+0	-9.76790E-7	-2.61936E-9	0.00000E+0	0.00000E+0	1.99980E+0	0.00000E+0
1.91040E+0	-1.56880E-3	3.02317E-4	5.55518E-5	0.00000E+0	-9.77023E-7	-2.61936E-9	0.00000E+0	0.00000E+0	2.00210E+0	0.00000E+0
1.92750E+0	-1.57357E-3	3.03270E-4	2.19346E-5	-2.38420E-7	-9.77139E-7	-2.61936E-9	0.00000E+0	0.00000E+0	2.00020E+0	0.00000E+0
1.94470E+0	-1.57643E-3	3.03270E-4	2.76567E-5	-4.76841E-7	-9.77023E-7	-2.50294E-9	0.00000E+0	0.00000E+0	2.00130E+0	0.00000E+0
1.96180E+0	-1.57738E-3	3.03270E-4	1.03474E-4	0.00000E+0	-9.76790E-7	-2.38653E-9	0.00000E+0	0.00000E+0	1.99740E+0	0.00000E+0
1.97900E+0	-1.57548E-3	3.03270E-4	2.46527E-4	4.76841E-7	-9.76499E-7	-2.27011E-9	0.00000E+0	0.00000E+0	2.00110E+0	0.00000E+0
1.99620E+0	-1.57357E-3	3.03270E-4	4.15804E-4	9.53682E-7	-9.76208E-7	-2.15370E-9	0.00000E+0	0.00000E+0	2.00050E+0	0.00000E+0
2.01330E+0	-1.57262E-3	3.02317E-4	5.56473E-4	9.53682E-7	-9.75975E-7	-2.09549E-9	0.00000E+0	0.00000E+0	2.00200E+0	0.00000E+0
2.03050E+0	-1.57834E-3	3.04224E-4	6.58277E-4	1.43052E-6	-9.75742E-7	-2.03728E-9	0.00000E+0	0.00000E+0	2.00000E+0	0.00000E+0
2.04760E+0	-1.59932E-3	3.08039E-4	7.08107E-4	1.43052E-6	-9.75509E-7	-2.03728E-9	0.00000E+0	0.00000E+0	2.00090E+0	0.00000E+0
2.06480E+0	-1.63270E-3	3.14714E-4	6.99285E-4	1.19210E-6	-9.75393E-7	-2.03728E-9	0.00000E+0	0.00000E+0	2.00060E+0	0.00000E+0
2.08190E+0	-1.66894E-3	3.21390E-4	6.40634E-4	9.53682E-7	-9.75393E-7	-2.15370E-9	0.00000E+0	0.00000E+0	1.99970E+0	0.00000E+0
2.09910E+0	-1.70518E-3	3.29020E-4	5.38114E-4	9.53682E-7	-9.75568E-7	-2.27011E-9	0.00000E+0	0.00000E+0	2.00010E+0	0.00000E+0
2.11620E+0	-1.73474E-3	3.34742E-4	4.10082E-4	4.76841E-7	-9.75801E-7	-2.38653E-9	0.00000E+0	0.00000E+0	1.99810E+0	0.00000E+0
2.13340E+0	-1.75858E-3	3.39510E-4	2.84435E-4	4.76841E-7	-9.76033E-7	-2.44474E-9	0.00000E+0	0.00000E+0	1.99830E+0	0.00000E+0
2.15050E+0	-1.77480E-3	3.42371E-4	1.73570E-4	0.00000E+0	-9.76266E-7	-2.50294E-9	0.00000E+0	0.00000E+0	1.99700E+0	0.00000E+0
2.16770E+0	-1.78624E-3	3.45232E-4	9.08379E-5	0.00000E+0	-9.76499E-7	-2.50294E-9	0.00000E+0	0.00000E+0	2.00400E+0	0.00000E+0
2.18480E+0	-1.79387E-3	3.46186E-4	3.91009E-5	-2.38420E-7	-9.76732E-7	-2.56115E-9	0.00000E+0	0.00000E+0	2.00290E+0	0.00000E+0
2.20200E+0	-1.79768E-3	3.47139E-4	1.45436E-5	-4.76841E-7	-9.76906E-7	-2.56115E-9	0.00000E+0	0.00000E+0	2.00180E+0	0.00000E+0
2.21910E+0	-1.79864E-3	3.47139E-4	1.14442E-5	-4.76841E-7	-9.76965E-7	-2.50294E-9	0.00000E+0	0.00000E+0	1.99990E+0	0.00000E+0
2.23630E+0	-1.80054E-3	3.47139E-4	3.69551E-5	-2.38420E-7	-9.76906E-7	-2.44474E-9	0.00000E+0	0.00000E+0	1.99700E+0	0.00000E+0
2.25350E+0	-1.80054E-3	3.47139E-4	1.12772E-4	0.00000E+0	-9.76674E-7	-2.38653E-9	0.00000E+0	0.00000E+0	1.99920E+0	0.00000E+0
2.27060E+0	-1.79864E-3	3.47139E-4	2.51772E-4	7.15259E-7	-9.76324E-7	-2.21191E-9	0.00000E+0	0.00000E+0	2.00130E+0	0.00000E+0
2.28780E+0	-1.79673E-3	3.47139E-4	4.10797E-4	1.19210E-6	-9.76033E-7	-2.09549E-9	0.00000E+0	0.00000E+0	1.99790E+0	0.00000E+0
2.30490E+0	-1.79482E-3	3.47139E-4	5.55757E-4	1.43052E-6	-9.75684E-7	-1.97907E-9	0.00000E+0	0.00000E+0	1.99820E+0	0.00000E+0
2.32210E+0	-1.79673E-3	3.47139E-4	6.88080E-4	1.43052E-6	-9.75393E-7	-1.92087E-9	0.00000E+0	0.00000E+0	1.99960E+0	0.00000E+0
2.33920E+0	-1.80627E-3	3.49047E-4	7.74864E-4	1.43052E-6	-9.75102E-7	-1.80444E-9	0.00000E+0	0.00000E+0	2.00030E+0	0.00000E+0
2.35640E+0	-1.83011E-3	3.52861E-4	8.23025E-4	1.43052E-6	-9.74695E-7	-1.74624E-9	0.00000E+0	0.00000E+0	1.99900E+0	0.00000E+0
2.37350E+0	-1.85872E-3	3.58583E-4	8.30416E-4	9.53682E-7	-9.74404E-7	-1.74624E-9	0.00000E+0	0.00000E+0	2.00130E+0	0.00000E+0
2.39070E+0	-1.89591E-3	3.65259E-4	8.02759E-4	7.15259E-7	-9.74171E-7	-1.74624E-9	0.00000E+0	0.00000E+0	2.00000E+0	0.00000E+0
2.40780E+0	-1.93215E-3	3.72889E-4	7.41247E-4	4.76841E-7	-9.74112E-7	-1.74624E-9	0.00000E+0	0.00000E+0	2.00090E+0	0.00000E+0
2.42500E+0	-1.96935E-3	3.80518E-4	6.59470E-4	2.38420E-7	-9.74229E-7	-1.86266E-9	0.00000E+0	0.00000E+0	2.00150E+0	0.00000E+0
2.44210E+0	-2.00273E-3	3.87194E-4	5.53850E-4	0.00000E+0	-9.74462E-7	-1.97907E-9	0.00000E+0	0.00000E+0	2.00040E+0	0.00000E+0
2.45930E+0	-2.03134E-3	3.91962E-4	4.33924E-4	0.00000E+0	-9.74695E-7	-2.09549E-9	0.00000E+0	0.00000E+0	2.00130E+0	0.00000E+0
2.47650E+0	-2.05232E-3	3.95777E-4	3.18768E-4	0.00000E+0	-9.75044E-7	-2.15370E-9	0.00000E+0	0.00000E+0	2.00040E+0	0.00000E+0
2.49360E+0	-2.06663E-3	3.98638E-4	2.21253E-4	-2.38420E-7	-9.75277E-7	-2.27011E-9	0.00000E+0	0.00000E+0	1.99940E+0	0.00000E+0
2.51080E+0	-2.07998E-3	4.00545E-4	1.41860E-4	-4.76841E-7	-9.75568E-7	-2.32832E-9	0.00000E+0	0.00000E+0	2.00360E+0	0.00000E+0
2.52790E+0	-2.08761E-3	4.02452E-4	7.62944E-5	-7.15259E-7	-9.75859E-7	-2.38653E-9	0.00000E+0	0.00000E+0	1.99790E+0	0.00000E+0
2.54510E+0	-2.09333E-3	4.03406E-4	3.40941E-5	-7.15259E-7	-9.76092E-7	-2.38653E-9	0.00000E+0	0.00000E+0	2.00060E+0	0.00000E+0
2.56220E+0	-2.09524E-3	4.04360E-4	1.31131E-5	-7.15259E-7	-9.76266E-7	-2.44474E-9	0.00000E+0	0.00000E+0	2.00170E+0	0.00000E+0
2.57940E+0	-2.09810E-3	4.04360E-4	4.76840E-6	-7.15259E-7	-9.76441E-7	-2.44474E-9	0.00000E+0	0.00000E+0	1.99810E+0	0.00000E+0
2.59650E+0	-2.09810E-3	4.04360E-4	3.81473E-6	-7.15259E-7	-9.76557E-7	-2.44474E-9	0.00000E+0	0.00000E+0	2.00200E+0	0.00000E+0
2.61370E+0	-2.09905E-3	4.05313E-4	1.69278E-5	-4.76841E-7	-9.76499E-7	-2.38653E-9	0.00000E+0	0.00000E+0	2.00380E+0	0.00000E+0
2.63080E+0	-2.09905E-3	4.05313E-4	6.43735E-5	-2.38420E-7	-9.76441E-7	-2.32832E-9	0.00000E+0	0.00000E+0	2.00090E+0	0.00000E+0
2.64800E+0	-2.09810E-3	4.06267E-4	1.51635E-4	2.38420E-7	-9.76208E-7	-2.21191E-9	0.00000E+0	0.00000E+0	2.00130E+0	0.00000E+0
2.66510E+0	-2.09524E-3	4.06267E-4	2.71799E-4	7.15259E-7	-9.75917E-7	-2.15370E-9	0.00000E+0	0.00000E+0	2.00120E+0	0.00000E+0
2.68230E+0	-2.09333E-3	4.06267E-4	4.29394E-4	1.43052E-6	-9.75626E-7	-1.97907E-9	0.00000E+0	0.00000E+0	1.99710E+0	0.00000E+0
2.69940E+0	-2.09142E-3	4.05313E-4	5.82460E-4	1.90736E-6	-9.75393E-7	-1.92087E-9	0.00000E+0	0.00000E+0	1.99980E+0	0.00000E+0
2.71660E+0	-2.09142E-3	4.05313E-4	7.12160E-4	2.14578E-6	-9.75102E-7	-1.80444E-9	0.00000E+0	0.00000E+0	2.00030E+0	0.00000E+0
2.73380E+0	-2.09524E-3	4.07221E-4	8.15872E-4	2.38420E-6	-9.74869E-7	-1.74624E-9	0.00000E+0	0.00000E+0	2.00080E+0	0.00000E+0
2.75090E+0	-2.10764E-3	4.09128E-4	9.06233E-4	2.14578E-6	-9.74578E-7	-1.68803E-9	0.00000E+0	0.00000E+0	2.00180E+0	0.00000E+0
2.76810E+0	-2.13148E-3	4.13897E-4	9.60592E-4	2.14578E-6	-9.74229E-7	-1.57161E-9	0.00000E+0	0.00000E+0	1.99780E+0	0.00000E+0
2.78520E+0	-2.16009E-3	4.19619E-4	9.82769E-4	1.90736E-6	-9.73880E-7	-1.51341E-9	0.00000E+0	0.00000E+0	1.99940E+0	0.00000E+0
2.80240E+0	-2.19347E-3	4.25341E-4	9.75136E-4	1.43052E-6	-9.73530E-7	-1.51341E-9	0.00000E+0	0.00000E+0	2.00120E+0	0.00000E+0
2.81950E+0	-2.23638E-3	4.33924E-4	9.42472E-4	9.53682E-7	-9.73298E-7	-1.45520E-9	0.00000E+0	0.00000E+0	2.00050E+0	0.00000E+0
2.83670E+0	-2.27834E-3	4.41553E-4	8.86921E-4	4.76841E-7	-9.73123E-7	-1.45520E-9	0.00000E+0	0.00000E+0	2.00060E+0	0.00000E+0
2.85380E+0	-2.31458E-3	4.49182E-4	8.18495E-4	0.00000E+0	-9.73007E-7	-1.45520E-9	0.00000E+0	0.00000E+0	2.00050E+0	0.00000E+0
2.87100E+0	-2.34987E-3	4.55858E-4	7.46492E-4	-2.38420E-7	-9.73007E-7	-1.51341E-9	0.00000E+0	0.00000E+0	2.00080E+0	0.00000E+0
2.88810E+0	-2.38611E-3	4.62534E-4	6.69006E-4	-7.15259E-7	-9.73123E-7	-1.57161E-9	0.00000E+0	0.00000E+0	1.99710E+0	0.00000E+0
2.90530E+0	-2.41376E-3	4.67302E-4	5.76500E-4	-7.15259E-7	-9.73298E-7	-1.62982E-9	0.00000E+0	0.00000E+0	2.00380E+0	0.00000E+0
2.92240E+0	-2.43570E-3	4.71117E-4	4.87329E-4	-7.15259E-7	-9.73530E-7	-1.74624E-9	0.00000E+0	0.00000E+0	2.00310E+0	0.00000E+0
2.93960E+0	-2.45477E-3	4.74932E-4	3.97684E-4	-7.15259E-7	-9.73705E-7	-1.80444E-9	0.00000E+0	0.00000E+0	1.99720E+0	0.00000E+0
2.95670E+0	-2.47099E-3	4.77793E-4	3.13761E-4	-9.53682E-7	-9.73938E-7	-1.86266E-9	0.00000E+0	0.00000E+0	1.99790E+0	0.00000E+0
2.97390E+0	-2.48434E-3	4.79700E-4	2.35797E-4	-1.19210E-6	-9.74112E-7	-1.92087E-9	0.00000E+0	0.00000E+0	2.00020E+0	0.00000E+0
2.99110E+0	-2.49483E-3	4.81607E-4	1.61649E-4	-1.19210E-6	-9.74345E-7	-1.97907E-9	0.00000E+0	0.00000E+0	2.00040E+0	0.00000E+0
3.00820E+0	-2.50150E-3	4.82561E-4	1.02282E-4	-1.19210E-6	-9.74462E-7	-1.97907E-9	0.00000E+0	0.00000E+0	1.99970E+0	0.00000E+0
3.02540E+0	-2.50627E-3	4.83515E-4	6.17509E-5	-1.19210E-6	-9.74636E-7	-1.97907E-9	0.00000E+0	0.00000E+0	2.00060E+0	0.00000E+0
3.04250E+0	-2.50913E-3	4.84468E-4	3.43325E-5	-1.43052E-6	-9.74811E-7	-2.03728E-9	0.00000E+0	0.00000E+0	1.99980E+0	0.00000E+0
3.05970E+0	-2.51199E-3	4.84468E-4	1.47820E-5	-1.43052E-6	-9.74927E-7	-2.03728E-9	0.00000E+0	0.00000E+0	1.99970E+0	0.00000E+0
3.07680E+0	-2.51390E-3	4.84468E-4	5.24524E-6	-1.43052E-6	-9.75102E-7	-2.03728E-9	0.00000E+0	0.00000E+0	2.00140E+0	0.00000E+0
3.09400E+0	-2.51390E-3	4.85422E-4	1.43052E-6	-1.19210E-6	-9.75218E-7	-2.09549E-9	0.00000E+0	0.00000E+0	2.00220E+0	0.00000E+0
3.11110E+0	-2.51485E-3	4.85422E-4	0.00000E+0	-1.19210E-6	-9.75277E-7	-2.09549E-9	0.00000E+0	0.00000E+0	2.00200E+0	0.00000E+0
3.12830E+0	-2.51581E-3	4.85422E-4	9.53682E-7	-1.19210E-6	-9.75393E-7	-2.09549E-9	0.00000E+0	0.00000E+0	1.99890E+0	0.00000E+0
3.14540E+0	-2.51581E-3	4.85422E-4	8.58313E-6	-1.19210E-6	-9.75393E-7	-2.09549E-9	0.00000E+0	0.00000E+0	1.99930E+0	0.00000E+0
3.16260E+0	-2.51676E-3	4.85422E-4	3.21867E-5	-9.53682E-7	-9.75335E-7	-2.03728E-9	0.00000E+0	0.00000E+0	2.00130E+0	0.00000E+0
3.17970E+0	-2.51581E-3	4.85422E-4	7.74865E-5	-7.15259E-7	-9.75218E-7	-1.97907E-9	0.00000E+0	0.00000E+0	2.00160E+0	0.00000E+0
3.19690E+0	-2.51485E-3	4.86376E-4	1.49489E-4	-2.38420E-7	-9.75044E-7	-1.92087E-9	0.00000E+0	0.00000E+0	1.99870E+0	0.00000E+0
3.21410E+0	-2.51295E-3	4.86376E-4	2.50103E-4	0.00000E+0	-9.74869E-7	-1.80444E-9	0.00000E+0	0.00000E+0	2.00100E+0	0.00000E+0
3.23120E+0	-2.51104E-3	4.86376E-4	3.83141E-4	4.76841E-7	-9.74636E-7	-1.74624E-9	0.00000E+0	0.00000E+0	2.00040E+0	0.00000E+0
3.24840E+0	-2.50913E-3	4.86376E-4	5.14749E-4	9.53682E-7	-9.74404E-7	-1.62982E-9	0.00000E+0	0.00000E+0	2.00170E+0	0.00000E+0
3.26550E+0	-2.50722E-3	4.86376E-4	6.48741E-4	1.43052E-6	-9.74171E-7	-1.57161E-9	0.00000E+0	0.00000E+0	2.00120E+0	0.00000E+0
3.28270E+0	-2.50722E-3	4.86376E-4	7.74626E-4	1.90736E-6	-9.73938E-7	-1.45520E-9	0.00000E+0	0.00000E+0	1.99790E+0	0.00000E+0
3.29980E+0	-2.51009E-3	4.87329E-4	8.93358E-4	2.14578E-6	-9.73705E-7	-1.39699E-9	0.00000E+0	0.00000E+0	2.00220E+0	0.00000E+0
3.31700E+0	-2.51867E-3	4.89239E-4	9.94928E-4	2.14578E-6	-9.73472E-7	-1.33878E-9	0.00000E+0	0.00000E+0	2.00110E+0	0.00000E+0
3.33410E+0	-2.53393E-3	4.93053E-4	1.07408E-3	2.14578E-6	-9.73298E-7	-1.28058E-9	0.00000E+0	0.00000E+0	2.00070E+0	0.00000E+0
3.35130E+0	-2.55682E-3	4.97822E-4	1.12201E-3	2.14578E-6	-9.73007E-7	-1.22237E-9	0.00000E+0	0.00000E+0	2.00030E+0	0.00000E+0
3.36840E+0	-2.58733E-3	5.04497E-4	1.14847E-3	2.14578E-6	-9.72774E-7	-1.22237E-9	0.00000E+0	0.00000E+0	2.00070E+0	0.00000E+0
3.38560E+0	-2.62548E-3	5.11173E-4	1.15276E-3	1.66894E-6	-9.72541E-7	-1.16416E-9	0.00000E+0	0.00000E+0	2.00100E+0	0.00000E+0
3.40270E+0	-2.66649E-3	5.19756E-4	1.13655E-3	1.43052E-6	-9.72308E-7	-1.16416E-9	0.00000E+0	0.00000E+0	1.99770E+0	0.00000E+0
3.41990E+0	-2.70273E-3	5.26432E-4	1.10794E-3	1.19210E-6	-9.72192E-7	-1.10595E-9	0.00000E+0	0.00000E+0	2.00090E+0	0.00000E+0
3.43700E+0	-2.74755E-3	5.35969E-4	1.06908E-3	9.53682E-7	-9.72075E-7	-1.16416E-9	0.00000E+0	0.00000E+0	2.00160E+0	0.00000E+0
3.45420E+0	-2.79237E-3	5.44552E-4	1.01591E-3	7.15259E-7	-9.72075E-7	-1.16416E-9	0.00000E+0	0.00000E+0	2.00040E+0	0.00000E+0
3.47140E+0	-2.83720E-3	5.53135E-4	9.57731E-4	4.76841E-7	-9.72075E-7	-1.22237E-9	0.00000E+0	0.00000E+0	2.00230E+0	0.00000E+0
3.48850E+0	-2.88011E-3	5.61718E-4	8.92643E-4	2.38420E-7	-9.72075E-7	-1.22237E-9	0.00000E+0	0.00000E+0	2.00120E+0	0.00000E+0
3.50570E+0	-2.91635E-3	5.68394E-4	8.26839E-4	0.00000E+0	-9.72192E-7	-1.28058E-9	0.00000E+0	0.00000E+0	2.00070E+0	0.00000E+0
3.52280E+0	-2.94782E-3	5.74116E-4	7.61751E-4	0.00000E+0	-9.72308E-7	-1.28058E-9	0.00000E+0	0.00000E+0	2.00350E+0	0.00000E+0
3.54000E+0	-2.98120E-3	5.79838E-4	6.97616E-4	-4.76841E-7	-9.72424E-7	-1.33878E-9	0.00000E+0	0.00000E+0	2.00010E+0	0.00000E+0
3.55710E+0	-3.00695E-3	5.85560E-4	6.25852E-4	-7.15259E-7	-9.72541E-7	-1.33878E-9	0.00000E+0	0.00000E+0	2.00150E+0	0.00000E+0
3.57430E+0	-3.02984E-3	5.89374E-4	5.62195E-4	-7.15259E-7	-9.72599E-7	-1.39699E-9	0.00000E+0	0.00000E+0	2.00200E+0	0.00000E+0
3.59140E+0	-3.04796E-3	5.93189E-4	5.02590E-4	-9.53682E-7	-9.72774E-7	-1.45520E-9	0.00000E+0	0.00000E+0	2.00350E+0	0.00000E+0
3.60860E+0	-3.06322E-3	5.95096E-4	4.42745E-4	-1.19210E-6	-9.72832E-7	-1.45520E-9	0.00000E+0	0.00000E+0	1.99910E+0	0.00000E+0
3.62570E+0	-3.07657E-3	5.97958E-4	3.89578E-4	-1.19210E-6	-9.73007E-7	-1.51341E-9	0.00000E+0	0.00000E+0	1.99900E+0	0.00000E+0
3.64290E+0	-3.08897E-3	5.99865E-4	3.30927E-4	-1.43052E-6	-9.73123E-7	-1.57161E-9	0.00000E+0	0.00000E+0	1.99740E+0	0.00000E+0
3.66000E+0	-3.09946E-3	6.01772E-4	2.75375E-4	-1.43052E-6	-9.73239E-7	-1.57161E-9	0.00000E+0	0.00000E+0	2.00220E+0	0.00000E+0
3.67720E+0	-3.10804E-3	6.03680E-4	2.27214E-4	-1.66894E-6	-9.73356E-7	-1.62982E-9	0.00000E+0	0.00000E+0	2.00160E+0	0.00000E+0
3.69430E+0	-3.11662E-3	6.03680E-4	1.75954E-4	-1.66894E-6	-9.73472E-7	-1.68803E-9	0.00000E+0	0.00000E+0	1.99910E+0	0.00000E+0
3.71150E+0	-3.12234E-3	6.05587E-4	1.34707E-4	-1.66894E-6	-9.73530E-7	-1.68803E-9	0.00000E+0	0.00000E+0	2.00050E+0	0.00000E+0
3.72870E+0	-3.12807E-3	6.06541E-4	9.87058E-5	-1.90736E-6	-9.73647E-7	-1.68803E-9	0.00000E+0	0.00000E+0	2.00220E+0	0.00000E+0
3.74580E+0	-3.13093E-3	6.06541E-4	6.91419E-5	-2.14578E-6	-9.73647E-7	-1.68803E-9	0.00000E+0	0.00000E+0	2.00150E+0	0.00000E+0
3.76300E+0	-3.13379E-3	6.06541E-4	4.64919E-5	-2.14578E-6	-9.73705E-7	-1.68803E-9	0.00000E+0	0.00000E+0	2.00200E+0	0.00000E+0
3.78010E+0	-3.13570E-3	6.07494E-4	2.69414E-5	-2.14578E-6	-9.73763E-7	-1.68803E-9	0.00000E+0	0.00000E+0	1.99830E+0	0.00000E+0
3.79730E+0	-3.13665E-3	6.07494E-4	1.38283E-5	-2.14578E-6	-9.73763E-7	-1.68803E-9	0.00000E+0	0.00000E+0	2.00040E+0	0.00000E+0
3.81440E+0	-3.13760E-3	6.07494E-4	5.72208E-6	-2.14578E-6	-9.73821E-7	-1.68803E-9	0.00000E+0	0.00000E+0	1.99970E+0	0.00000E+0
3.83160E+0	-3.13856E-3	6.07494E-4	2.14578E-6	-2.14578E-6	-9.73821E-7	-1.68803E-9	0.00000E+0	0.00000E+0	2.00150E+0	0.00000E+0
3.84870E+0	-3.13856E-3	6.07494E-4	0.00000E+0	-2.14578E-6	-9.73880E-7	-1.68803E-9	0.00000E+0	0.00000E+0	1.99990E+0	0.00000E+0
3.86590E+0	-3.13951E-3	6.07494E-4	-1.43052E-6	-2.14578E-6	-9.73880E-7	-1.68803E-9	0.00000E+0	0.00000E+0	1.99990E+0	0.00000E+0
3.88300E+0	-3.13951E-3	6.07494E-4	-1.90736E-6	-2.14578E-6	-9.73880E-7	-1.68803E-9	0.00000E+0	0.00000E+0	1.99700E+0	0.00000E+0
3.90020E+0	-3.13951E-3	6.07494E-4	-2.14578E-6	-2.14578E-6	-9.73880E-7	-1.68803E-9	0.00000E+0	0.00000E+0	2.00050E+0	0.00000E+0
3.91730E+0	-3.14046E-3	6.07494E-4	-1.90736E-6	-2.14578E-6	-9.73880E-7	-1.68803E-9	0.00000E+0	0.00000E+0	2.00080E+0	0.00000E+0
3.93450E+0	-3.13951E-3	6.07494E-4	-1.19210E-6	-2.14578E-6	-9.73880E-7	-1.68803E-9	0.00000E+0	0.00000E+0	2.00080E+0	0.00000E+0
3.95170E+0	-3.13951E-3	6.07494E-4	1.43052E-6	-1.90736E-6	-9.73880E-7	-1.68803E-9	0.00000E+0	0.00000E+0	2.00110E+0	0.00000E+0
3.96880E+0	-3.13951E-3	6.07494E-4	8.34471E-6	-1.90736E-6	-9.73821E-7	-1.68803E-9	0.00000E+0	0.00000E+0	2.00330E+0	0.00000E+0
3.98600E+0	-3.13951E-3	6.07494E-4	2.43188E-5	-1.66894E-6	-9.73763E-7	-1.68803E-9	0.00000E+0	0.00000E+0	1.99790E+0	0.00000E+0
4.00310E+0	-3.13856E-3	6.07494E-4	5.36444E-5	-1.66894E-6	-9.73647E-7	-1.57161E-9	0.00000E+0	0.00000E+0	2.00110E+0	0.00000E+0
4.02030E+0	-3.13856E-3	6.07494E-4	1.12534E-4	-1.43052E-6	-9.73472E-7	-1.51341E-9	0.00000E+0	0.00000E+0	2.00000E+0	0.00000E+0
4.03740E+0	-3.13760E-3	6.07494E-4	1.84298E-4	-1.19210E-6	-9.73356E-7	-1.51341E-9	0.00000E+0	0.00000E+0	2.00010E+0	0.00000E+0
4.05460E+0	-3.13665E-3	6.07494E-4	2.73468E-4	-1.19210E-6	-9.73181E-7	-1.39699E-9	0.00000E+0	0.00000E+0	2.00000E+0	0.00000E+0
4.07170E+0	-3.13474E-3	6.07494E-4	3.79087E-4	-7.15259E-7	-9.73007E-7	-1.33878E-9	0.00000E+0	0.00000E+0	2.00200E+0	0.00000E+0
4.08890E+0	-3.13474E-3	6.07494E-4	4.71117E-4	-2.38420E-7	-9.72832E-7	-1.28058E-9	0.00000E+0	0.00000E+0	2.00130E+0	0.00000E+0
4.10600E+0	-3.13284E-3	6.07494E-4	5.81507E-4	0.00000E+0	-9.72599E-7	-1.22237E-9	0.00000E+0	0.00000E+0	1.99860E+0	0.00000E+0
4.12320E+0	-3.13188E-3	6.07494E-4	7.02385E-4	4.76841E-7	-9.72424E-7	-1.10595E-9	0.00000E+0	0.00000E+0	2.00080E+0	0.00000E+0
4.14030E+0	-3.13188E-3	6.07494E-4	8.24694E-4	9.53682E-7	-9.72192E-7	-1.04775E-9	0.00000E+0	0.00000E+0	2.00170E+0	0.00000E+0
4.15750E+0	-3.13570E-3	6.08448E-4	9.48671E-4	9.53682E-7	-9.71959E-7	-9.89537E-10	0.00000E+0	0.00000E+0	1.99980E+0	0.00000E+0
4.17460E+0	-3.14333E-3	6.10355E-4	1.06741E-3	9.53682E-7	-9.71784E-7	-8.73118E-10	0.00000E+0	0.00000E+0	2.00330E+0	0.00000E+0
4.19180E+0	-3.15668E-3	6.13216E-4	1.15824E-3	9.53682E-7	-9.71610E-7	-8.14911E-10	0.00000E+0	0.00000E+0	2.00040E+0	0.00000E+0
4.20900E+0	-3.17670E-3	6.17031E-4	1.22786E-3	7.15259E-7	-9.71377E-7	-7.56703E-10	0.00000E+0	0.00000E+0	1.99940E+0	0.00000E+0
4.22610E+0	-3.20341E-3	6.21799E-4	1.28246E-3	7.15259E-7	-9.71144E-7	-7.56703E-10	0.00000E+0	0.00000E+0	2.00030E+0	0.00000E+0
4.24330E+0	-3.23774E-3	6.29429E-4	1.31632E-3	4.76841E-7	-9.70911E-7	-6.98495E-10	0.00000E+0	0.00000E+0	1.99980E+0	0.00000E+0
4.26040E+0	-3.27779E-3	6.37058E-4	1.33467E-3	4.76841E-7	-9.70736E-7	-6.40288E-10	0.00000E+0	0.00000E+0	2.00050E+0	0.00000E+0
4.27760E+0	-3.32643E-3	6.46595E-4	1.33539E-3	2.38420E-7	-9.70504E-7	-6.40288E-10	0.00000E+0	0.00000E+0	2.00080E+0	0.00000E+0
4.29470E+0	-3.37602E-3	6.57085E-4	1.32132E-3	0.00000E+0	-9.70329E-7	-5.82080E-10	0.00000E+0	0.00000E+0	2.00090E+0	0.00000E+0
4.31190E+0	-3.42466E-3	6.66622E-4	1.29486E-3	0.00000E+0	-9.70213E-7	-5.82080E-10	0.00000E+0	0.00000E+0	2.00130E+0	0.00000E+0
4.32900E+0	-3.47234E-3	6.76159E-4	1.26124E-3	-2.38420E-7	-9.70038E-7	-5.82080E-10	0.00000E+0	0.00000E+0	2.00000E+0	0.00000E+0
4.34620E+0	-3.52766E-3	6.86649E-4	1.22143E-3	-4.76841E-7	-9.69980E-7	-5.82080E-10	0.00000E+0	0.00000E+0	2.00030E+0	0.00000E+0
4.36330E+0	-3.58392E-3	6.98093E-4	1.17017E-3	-4.76841E-7	-9.69922E-7	-5.82080E-10	0.00000E+0	0.00000E+0	2.00010E+0	0.00000E+0
4.38050E+0	-3.63733E-3	7.08584E-4	1.11700E-3	-4.76841E-7	-9.69922E-7	-5.82080E-10	0.00000E+0	0.00000E+0	2.00150E+0	0.00000E+0
4.39760E+0	-3.68406E-3	7.18120E-4	1.05859E-3	-4.76841E-7	-9.69980E-7	-6.40288E-10	0.00000E+0	0.00000E+0	1.99830E+0	0.00000E+0
4.41480E+0	-3.72793E-3	7.26704E-4	1.00637E-3	-4.76841E-7	-9.70038E-7	-6.40288E-10	0.00000E+0	0.00000E+0	1.99980E+0	0.00000E+0
4.43190E+0	-3.77561E-3	7.36240E-4	9.50340E-4	-2.38420E-7	-9.70096E-7	-6.40288E-10	0.00000E+0	0.00000E+0	1.99910E+0	0.00000E+0
4.44910E+0	-3.80994E-3	7.42916E-4	8.91212E-4	-2.38420E-7	-9.70213E-7	-6.98495E-10	0.00000E+0	0.00000E+0	1.99960E+0	0.00000E+0
4.46630E+0	-3.85000E-3	7.50545E-4	8.43767E-4	-2.38420E-7	-9.70329E-7	-7.56703E-10	0.00000E+0	0.00000E+0	1.99920E+0	0.00000E+0
4.48340E+0	-3.89005E-3	7.59128E-4	7.83924E-4	-2.38420E-7	-9.70504E-7	-7.56703E-10	0.00000E+0	0.00000E+0	2.00020E+0	0.00000E+0
4.50060E+0	-3.91868E-3	7.64851E-4	7.29088E-4	-2.38420E-7	-9.70620E-7	-8.14911E-10	0.00000E+0	0.00000E+0	2.00220E+0	0.00000E+0
4.51770E+0	-3.94061E-3	7.69619E-4	6.85457E-4	-4.76841E-7	-9.70736E-7	-8.14911E-10	0.00000E+0	0.00000E+0	2.00000E+0	0.00000E+0
4.53490E+0	-3.96731E-3	7.74387E-4	6.47787E-4	-4.76841E-7	-9.70911E-7	-8.14911E-10	0.00000E+0	0.00000E+0	1.99940E+0	0.00000E+0
4.55200E+0	-3.99402E-3	7.79156E-4	6.01534E-4	-4.76841E-7	-9.71027E-7	-8.73118E-10	0.00000E+0	0.00000E+0	1.99960E+0	0.00000E+0
4.56920E+0	-4.01595E-3	7.83924E-4	5.55519E-4	-7.15259E-7	-9.71144E-7	-8.73118E-10	0.00000E+0	0.00000E+0	2.00120E+0	0.00000E+0
4.58630E+0	-4.03598E-3	7.87739E-4	5.15465E-4	-7.15259E-7	-9.71260E-7	-8.73118E-10	0.00000E+0	0.00000E+0	2.00220E+0	0.00000E+0
4.60350E+0	-4.05124E-3	7.91553E-4	4.76839E-4	-7.15259E-7	-9.71319E-7	-8.73118E-10	0.00000E+0	0.00000E+0	1.99930E+0	0.00000E+0
4.62060E+0	-4.06745E-3	7.94414E-4	4.43937E-4	-9.53682E-7	-9.71435E-7	-9.31330E-10	0.00000E+0	0.00000E+0	1.99920E+0	0.00000E+0
4.63780E+0	-4.08080E-3	7.97275E-4	4.08174E-4	-1.19210E-6	-9.71493E-7	-9.31330E-10	0.00000E+0	0.00000E+0	2.00090E+0	0.00000E+0
4.65490E+0	-4.09511E-3	8.00136E-4	3.77418E-4	-1.19210E-6	-9.71610E-7	-9.31330E-10	0.00000E+0	0.00000E+0	2.00030E+0	0.00000E+0
4.67210E+0	-4.10655E-3	8.02044E-4	3.43801E-4	-1.19210E-6	-9.71668E-7	-9.89537E-10	0.00000E+0	0.00000E+0	2.00000E+0	0.00000E+0
4.68930E+0	-4.11609E-3	8.03951E-4	3.14476E-4	-1.43052E-6	-9.71726E-7	-9.89537E-10	0.00000E+0	0.00000E+0	2.00020E+0	0.00000E+0
4.70640E+0	-4.12467E-3	8.05859E-4	2.87296E-4	-1.43052E-6	-9.71784E-7	-9.89537E-10	0.00000E+0	0.00000E+0	1.99880E+0	0.00000E+0
4.72360E+0	-4.13325E-3	8.07766E-4	2.61070E-4	-1.66894E-6	-9.71842E-7	-9.89537E-10	0.00000E+0	0.00000E+0	2.00100E+0	0.00000E+0
4.74070E+0	-4.13993E-3	8.08720E-4	2.38420E-4	-1.66894E-6	-9.71842E-7	-9.89537E-10	0.00000E+0	0.00000E+0	2.00010E+0	0.00000E+0
4.75790E+0	-4.14565E-3	8.09673E-4	2.14339E-4	-1.90736E-6	-9.71901E-7	-9.89537E-10	0.00000E+0	0.00000E+0	2.00120E+0	0.00000E+0
4.77500E+0	-4.14947E-3	8.09673E-4	1.90974E-4	-2.38420E-6	-9.71901E-7	-9.89537E-10	0.00000E+0	0.00000E+0	2.00010E+0	0.00000E+0
4.79220E+0	-4.15328E-3	8.10627E-4	1.71185E-4	-2.38420E-6	-9.71901E-7	-9.89537E-10	0.00000E+0	0.00000E+0	2.00450E+0	0.00000E+0
4.80930E+0	-4.15710E-3	8.10627E-4	1.49728E-4	-2.62262E-6	-9.71901E-7	-9.89537E-10	0.00000E+0	0.00000E+0	2.00130E+0	0.00000E+0
4.82650E+0	-4.15996E-3	8.11581E-4	1.32800E-4	-2.86104E-6	-9.71901E-7	-9.89537E-10	0.00000E+0	0.00000E+0	2.00080E+0	0.00000E+0
4.84360E+0	-4.16186E-3	8.12534E-4	1.14441E-4	-2.86104E-6	-9.71901E-7	-9.89537E-10	0.00000E+0	0.00000E+0	1.99950E+0	0.00000E+0
4.86080E+0	-4.16473E-3	8.12534E-4	9.79905E-5	-3.09946E-6	-9.71901E-7	-9.89537E-10	0.00000E+0	0.00000E+0	1.99800E+0	0.00000E+0
4.87770E+0	-4.16663E-3	8.12534E-4	8.17780E-5	-3.09946E-6	-9.71901E-7	-9.89537E-10	0.00000E+0	0.00000E+0	1.99940E+0	0.00000E+0
4.89490E+0	-4.16854E-3	8.12534E-4	6.77113E-5	-3.33787E-6	-9.71842E-7	-9.89537E-10	0.00000E+0	0.00000E+0	2.00090E+0	0.00000E+0
4.91200E+0	-4.17045E-3	8.12534E-4	5.62670E-5	-3.57629E-6	-9.71784E-7	-9.31330E-10	0.00000E+0	0.00000E+0	2.00120E+0	0.00000E+0
4.92920E+0	-4.17235E-3	8.13488E-4	4.41077E-5	-3.57629E-6	-9.71726E-7	-9.31330E-10	0.00000E+0	0.00000E+0	1.99930E+0	0.00000E+0
4.94630E+0	-4.17331E-3	8.13488E-4	3.19483E-5	-3.81473E-6	-9.71726E-7	-9.31330E-10	0.00000E+0	0.00000E+0	1.99830E+0	0.00000E+0
4.96350E+0	-4.17426E-3	8.13488E-4	2.19346E-5	-4.05314E-6	-9.71668E-7	-8.73118E-10	0.00000E+0	0.00000E+0	2.00080E+0	0.00000E+0
4.98060E+0	-4.17522E-3	8.13488E-4	1.47820E-5	-4.05314E-6	-9.71610E-7	-8.73118E-10	0.00000E+0	0.00000E+0	2.00030E+0	0.00000E+0
4.99780E+0	-4.17522E-3	8.13488E-4	9.05996E-6	-4.05314E-6	-9.71610E-7	-8.73118E-10	0.00000E+0	0.00000E+0	2.00180E+0	0.00000E+0
5.01490E+0	-4.17522E-3	8.12534E-4	4.52998E-6	-4.29156E-6	-9.71551E-7	-8.73118E-10	0.00000E+0	0.00000E+0	1.99880E+0	0.00000E+0
5.03210E+0	-4.17522E-3	8.12534E-4	1.43052E-6	-4.29156E-6	-9.71493E-7	-8.73118E-10	0.00000E+0	0.00000E+0	1.99980E+0	0.00000E+0
5.04920E+0	-4.17522E-3	8.13488E-4	-7.15259E-7	-4.52998E-6	-9.71493E-7	-8.73118E-10	0.00000E+0	0.00000E+0	2.00000E+0	0.00000E+0
5.06640E+0	-4.17522E-3	8.12534E-4	-2.38420E-6	-4.52998E-6	-9.71435E-7	-8.73118E-10	0.00000E+0	0.00000E+0	2.00020E+0	0.00000E+0
5.08360E+0	-4.17522E-3	8.12534E-4	-3.57629E-6	-4.52998E-6	-9.71377E-7	-8.14911E-10	0.00000E+0	0.00000E+0	1.99860E+0	0.00000E+0
5.10070E+0	-4.17522E-3	8.12534E-4	-4.05314E-6	-4.52998E-6	-9.71377E-7	-8.14911E-10	0.00000E+0	0.00000E+0	2.00060E+0	0.00000E+0
5.11790E+0	-4.17522E-3	8.12534E-4	-4.52998E-6	-4.52998E-6	-9.71319E-7	-8.14911E-10	0.00000E+0	0.00000E+0	2.00050E+0	0.00000E+0
5.13500E+0	-4.17522E-3	8.12534E-4	-4.52998E-6	-4.52998E-6	-9.71260E-7	-8.14911E-10	0.00000E+0	0.00000E+0	2.00090E+0	0.00000E+0
5.15220E+0	-4.17522E-3	8.12534E-4	-4.76840E-6	-4.52998E-6	-9.71260E-7	-8.14911E-10	0.00000E+0	0.00000E+0	2.00220E+0	0.00000E+0
5.16930E+0	-4.17522E-3	8.12534E-4	-4.76840E-6	-4.52998E-6	-9.71260E-7	-8.14911E-10	0.00000E+0	0.00000E+0	2.00080E+0	0.00000E+0
5.18650E+0	-4.17522E-3	8.12534E-4	-4.76840E-6	-4.52998E-6	-9.71202E-7	-8.14911E-10	0.00000E+0	0.00000E+0	2.00320E+0	0.00000E+0
5.20360E+0	-4.17522E-3	8.12534E-4	-4.76840E-6	-4.52998E-6	-9.71202E-7	-8.14911E-10	0.00000E+0	0.00000E+0	1.99930E+0	0.00000E+0
5.22080E+0	-4.17522E-3	8.12534E-4	-4.76840E-6	-4.52998E-6	-9.71144E-7	-8.14911E-10	0.00000E+0	0.00000E+0	2.00200E+0	0.00000E+0
5.23790E+0	-4.17522E-3	8.12534E-4	-4.52998E-6	-4.52998E-6	-9.71144E-7	-8.14911E-10	0.00000E+0	0.00000E+0	1.99890E+0	0.00000E+0
5.25510E+0	-4.17522E-3	8.12534E-4	-4.52998E-6	-4.52998E-6	-9.71144E-7	-8.14911E-10	0.00000E+0	0.00000E+0	1.99750E+0	0.00000E+0
5.27220E+0	-4.17522E-3	8.12534E-4	-4.52998E-6	-4.52998E-6	-9.71086E-7	-8.14911E-10	0.00000E+0	0.00000E+0	1.99990E+0	0.00000E+0
5.28940E+0	-4.17522E-3	8.12534E-4	-4.05314E-6	-4.29156E-6	-9.71086E-7	-8.14911E-10	0.00000E+0	0.00000E+0	2.00150E+0	0.00000E+0
5.30650E+0	-4.17522E-3	8.12534E-4	-3.33787E-6	-4.29156E-6	-9.71027E-7	-8.14911E-10	0.00000E+0	0.00000E+0	2.00060E+0	0.00000E+0
5.32370E+0	-4.17426E-3	8.12534E-4	-1.43052E-6	-4.29156E-6	-9.71027E-7	-8.14911E-10	0.00000E+0	0.00000E+0	2.00120E+0	0.00000E+0
5.34090E+0	-4.17426E-3	8.12534E-4	2.86104E-6	-4.29156E-6	-9.70969E-7	-8.14911E-10	0.00000E+0	0.00000E+0	2.00000E+0	0.00000E+0
5.35800E+0	-4.17426E-3	8.12534E-4	8.58313E-6	-4.29156E-6	-9.70969E-7	-8.14911E-10	0.00000E+0	0.00000E+0	1.99890E+0	0.00000E+0
5.37520E+0	-4.17426E-3	8.12534E-4	1.54973E-5	-4.05314E-6	-9.70911E-7	-7.56703E-10	0.00000E+0	0.00000E+0	2.00000E+0	0.00000E+0
5.39230E+0	-4.17331E-3	8.12534E-4	2.93256E-5	-4.05314E-6	-9.70853E-7	-7.56703E-10	0.00000E+0	0.00000E+0	1.99630E+0	0.00000E+0
5.40950E+0	-4.17331E-3	8.12534E-4	4.48229E-5	-3.81473E-6	-9.70795E-7	-7.56703E-10	0.00000E+0	0.00000E+0	1.99950E+0	0.00000E+0
5.42660E+0	-4.17331E-3	8.12534E-4	6.84266E-5	-3.81473E-6	-9.70678E-7	-6.98495E-10	0.00000E+0	0.00000E+0	1.99980E+0	0.00000E+0
5.44380E+0	-4.17331E-3	8.12534E-4	9.91826E-5	-3.33787E-6	-9.70562E-7	-6.40288E-10	0.00000E+0	0.00000E+0	2.00040E+0	0.00000E+0
5.46090E+0	-4.17331E-3	8.12534E-4	1.50205E-4	-3.09946E-6	-9.70445E-7	-6.40288E-10	0.00000E+0	0.00000E+0	1.99850E+0	0.00000E+0
5.47810E+0	-4.17235E-3	8.12534E-4	2.03849E-4	-2.86104E-6	-9.70329E-7	-5.82080E-10	0.00000E+0	0.00000E+0	2.00010E+0	0.00000E+0
5.49520E+0	-4.17235E-3	8.12534E-4	2.58924E-4	-2.62262E-6	-9.70096E-7	-5.23873E-10	0.00000E+0	0.00000E+0	1.99810E+0	0.00000E+0
5.51240E+0	-4.17331E-3	8.12534E-4	3.63590E-4	-2.38420E-6	-9.69863E-7	-4.07455E-10	0.00000E+0	0.00000E+0	1.99870E+0	0.00000E+0
5.52950E+0	-4.17331E-3	8.12534E-4	4.79938E-4	-2.14578E-6	-9.69747E-7	-3.49248E-10	0.00000E+0	0.00000E+0	1.99970E+0	0.00000E+0
5.54670E+0	-4.17522E-3	8.13488E-4	5.94620E-4	-1.90736E-6	-9.69514E-7	-2.91040E-10	0.00000E+0	0.00000E+0	2.00090E+0	0.00000E+0
5.56380E+0	-4.17998E-3	8.14442E-4	6.89510E-4	-1.66894E-6	-9.69281E-7	-2.32832E-10	0.00000E+0	0.00000E+0	1.99760E+0	0.00000E+0
5.58100E+0	-4.18666E-3	8.15395E-4	8.20164E-4	-1.19210E-6	-9.69107E-7	-1.74624E-10	0.00000E+0	0.00000E+0	2.00010E+0	0.00000E+0
5.59820E+0	-4.19429E-3	8.17303E-4	9.26498E-4	-1.66894E-6	-9.68874E-7	-1.16416E-10	0.00000E+0	0.00000E+0	2.00070E+0	0.00000E+0
5.61530E+0	-4.20669E-3	8.20164E-4	1.04571E-3	-2.14578E-6	-9.68699E-7	0.00000E+0	0.00000E+0	0.00000E+0	2.00040E+0	0.00000E+0
5.63250E+0	-4.22385E-3	8.23978E-4	1.15157E-3	-2.38420E-6	-9.68466E-7	5.82081E-11	0.00000E+0	0.00000E+0	2.00010E+0	0.00000E+0
5.64960E+0	-4.24197E-3	8.27793E-4	1.25623E-3	-2.62262E-6	-9.68292E-7	5.82081E-11	0.00000E+0	0.00000E+0	1.99590E+0	0.00000E+0
5.66680E+0	-4.26772E-3	8.32561E-4	1.33372E-3	-2.86104E-6	-9.68175E-7	1.16416E-10	0.00000E+0	0.00000E+0	2.00120E+0	0.00000E+0
5.68390E+0	-4.29824E-3	8.39237E-4	1.40954E-3	-2.86104E-6	-9.67942E-7	1.16416E-10	0.00000E+0	0.00000E+0	2.00010E+0	0.00000E+0
5.70110E+0	-4.34306E-3	8.47820E-4	1.48106E-3	-2.86104E-6	-9.67768E-7	1.74624E-10	0.00000E+0	0.00000E+0	1.99990E+0	0.00000E+0
5.71820E+0	-4.38407E-3	8.56403E-4	1.54448E-3	-3.09946E-6	-9.67651E-7	2.32832E-10	0.00000E+0	0.00000E+0	2.00220E+0	0.00000E+0
5.73540E+0	-4.43843E-3	8.66894E-4	1.58120E-3	-3.33787E-6	-9.67477E-7	2.32832E-10	0.00000E+0	0.00000E+0	2.00130E+0	0.00000E+0
5.75250E+0	-4.49470E-3	8.78338E-4	1.61219E-3	-3.33787E-6	-9.67360E-7	2.32832E-10	0.00000E+0	0.00000E+0	1.99860E+0	0.00000E+0
5.76970E+0	-4.55096E-3	8.88828E-4	1.62650E-3	-3.33787E-6	-9.67244E-7	2.32832E-10	0.00000E+0	0.00000E+0	2.00000E+0	0.00000E+0
5.78680E+0	-4.61867E-3	9.03133E-4	1.63055E-3	-3.33787E-6	-9.67069E-7	2.32832E-10	0.00000E+0	0.00000E+0	2.00020E+0	0.00000E+0
5.80400E+0	-4.70260E-3	9.18392E-4	1.62507E-3	-3.09946E-6	-9.66953E-7	2.32832E-10	0.00000E+0	0.00000E+0	2.00190E+0	0.00000E+0
5.82120E+0	-4.76268E-3	9.30790E-4	1.60933E-3	-3.09946E-6	-9.66895E-7	2.32832E-10	0.00000E+0	0.00000E+0	1.99790E+0	0.00000E+0
5.83830E+0	-4.83325E-3	9.45095E-4	1.58978E-3	-2.86104E-6	-9.66837E-7	2.32832E-10	0.00000E+0	0.00000E+0	2.00100E+0	0.00000E+0
5.85550E+0	-4.91622E-3	9.62261E-4	1.55760E-3	-2.86104E-6	-9.66778E-7	1.74624E-10	0.00000E+0	0.00000E+0	1.99940E+0	0.00000E+0
5.87260E+0	-4.99251E-3	9.76570E-4	1.51802E-3	-2.38420E-6	-9.66720E-7	1.16416E-10	0.00000E+0	0.00000E+0	1.99950E+0	0.00000E+0
5.88980E+0	-5.07072E-3	9.92782E-4	1.47534E-3	-2.38420E-6	-9.66778E-7	1.16416E-10	0.00000E+0	0.00000E+0	1.99970E+0	0.00000E+0
5.90690E+0	-5.14320E-3	1.00709E-3	1.42599E-3	-2.14578E-6	-9.66778E-7	5.82081E-11	0.00000E+0	0.00000E+0	1.99840E+0	0.00000E+0
5.92410E+0	-5.21663E-3	1.02044E-3	1.37354E-3	-2.14578E-6	-9.66837E-7	5.82081E-11	0.00000E+0	0.00000E+0	2.00250E+0	0.00000E+0
5.94120E+0	-5.27194E-3	1.03188E-3	1.32275E-3	-1.90736E-6	-9.66953E-7	0.00000E+0	0.00000E+0	0.00000E+0	2.00030E+0	0.00000E+0
5.95840E+0	-5.34061E-3	1.04523E-3	1.27412E-3	-1.90736E-6	-9.67069E-7	0.00000E+0	0.00000E+0	0.00000E+0	2.00210E+0	0.00000E+0
5.97550E+0	-5.41309E-3	1.05954E-3	1.22047E-3	-1.66894E-6	-9.67244E-7	-1.16416E-10	0.00000E+0	0.00000E+0	2.00100E+0	0.00000E+0
5.99270E+0	-5.47317E-3	1.07098E-3	1.15920E-3	-1.43052E-6	-9.67360E-7	-1.16416E-10	0.00000E+0	0.00000E+0	2.00110E+0	0.00000E+0
6.00980E+0	-5.52562E-3	1.08052E-3	1.10675E-3	-1.19210E-6	-9.67535E-7	-1.74624E-10	0.00000E+0	0.00000E+0	1.99970E+0	0.00000E+0
6.02700E+0	-5.58189E-3	1.09101E-3	1.05882E-3	-1.19210E-6	-9.67710E-7	-2.32832E-10	0.00000E+0	0.00000E+0	2.00100E+0	0.00000E+0
6.04410E+0	-5.63720E-3	1.10245E-3	1.00375E-3	-1.19210E-6	-9.67884E-7	-2.91040E-10	0.00000E+0	0.00000E+0	2.00140E+0	0.00000E+0
6.06130E+0	-5.68011E-3	1.11008E-3	9.52724E-4	-1.19210E-6	-9.68059E-7	-2.91040E-10	0.00000E+0	0.00000E+0	1.99820E+0	0.00000E+0
6.07850E+0	-5.71635E-3	1.11676E-3	9.11240E-4	-1.19210E-6	-9.68234E-7	-3.49248E-10	0.00000E+0	0.00000E+0	1.99980E+0	0.00000E+0
6.09560E+0	-5.75355E-3	1.12344E-3	8.73808E-4	-1.19210E-6	-9.68408E-7	-4.07455E-10	0.00000E+0	0.00000E+0	1.99990E+0	0.00000E+0
6.11280E+0	-5.78883E-3	1.13107E-3	8.35661E-4	-1.19210E-6	-9.68583E-7	-4.07455E-10	0.00000E+0	0.00000E+0	2.00040E+0	0.00000E+0
6.12990E+0	-5.81840E-3	1.13583E-3	7.97752E-4	-7.15259E-7	-9.68757E-7	-5.23873E-10	0.00000E+0	0.00000E+0	2.00140E+0	0.00000E+0
6.14710E+0	-5.84987E-3	1.14251E-3	7.61751E-4	-7.15259E-7	-9.68932E-7	-5.23873E-10	0.00000E+0	0.00000E+0	1.99830E+0	0.00000E+0
6.16420E+0	-5.87276E-3	1.14632E-3	7.26465E-4	-7.15259E-7	-9.69048E-7	-5.82080E-10	0.00000E+0	0.00000E+0	2.00080E+0	0.00000E+0
6.18140E+0	-5.89374E-3	1.15014E-3	6.99047E-4	-7.15259E-7	-9.69223E-7	-5.82080E-10	0.00000E+0	0.00000E+0	2.00270E+0	0.00000E+0
6.19850E+0	-5.91663E-3	1.15491E-3	6.70437E-4	-7.15259E-7	-9.69339E-7	-6.40288E-10	0.00000E+0	0.00000E+0	2.00410E+0	0.00000E+0
6.21570E+0	-5.93284E-3	1.15777E-3	6.43734E-4	-7.15259E-7	-9.69514E-7	-6.40288E-10	0.00000E+0	0.00000E+0	1.99950E+0	0.00000E+0
6.23280E+0	-5.95191E-3	1.16063E-3	6.22038E-4	-7.15259E-7	-9.69630E-7	-6.98495E-10	0.00000E+0	0.00000E+0	2.00190E+0	0.00000E+0
6.25000E+0	-5.96526E-3	1.16254E-3	5.99626E-4	-4.76841E-7	-9.69805E-7	-7.56703E-10	0.00000E+0	0.00000E+0	1.99960E+0	0.00000E+0
6.26710E+0	-5.98338E-3	1.16635E-3	5.80315E-4	-4.76841E-7	-9.69922E-7	-7.56703E-10	0.00000E+0	0.00000E+0	1.99630E+0	0.00000E+0
6.28430E+0	-5.99959E-3	1.17017E-3	5.55281E-4	-2.38420E-7	-9.70038E-7	-8.14911E-10	0.00000E+0	0.00000E+0	2.00040E+0	0.00000E+0
6.30140E+0	-6.01104E-3	1.17112E-3	5.33108E-4	-2.38420E-7	-9.70154E-7	-8.14911E-10	0.00000E+0	0.00000E+0	2.00020E+0	0.00000E+0
6.31860E+0	-6.02248E-3	1.17303E-3	5.16418E-4	-2.38420E-7	-9.70271E-7	-8.14911E-10	0.00000E+0	0.00000E+0	2.00150E+0	0.00000E+0
6.33580E+0	-6.03488E-3	1.17589E-3	4.97583E-4	-4.76841E-7	-9.70387E-7	-8.73118E-10	0.00000E+0	0.00000E+0	2.00060E+0	0.00000E+0
6.35290E+0	-6.04728E-3	1.17875E-3	4.78270E-4	-4.76841E-7	-9.70504E-7	-8.73118E-10	0.00000E+0	0.00000E+0	2.00020E+0	0.00000E+0
6.37010E+0	-6.05777E-3	1.17970E-3	4.58242E-4	-2.38420E-7	-9.70562E-7	-9.31330E-10	0.00000E+0	0.00000E+0	1.99990E+0	0.00000E+0
6.38720E+0	-6.07112E-3	1.18256E-3	4.39169E-4	0.00000E+0	-9.70678E-7	-9.31330E-10	0.00000E+0	0.00000E+0	2.00090E+0	0.00000E+0
6.40440E+0	-6.07970E-3	1.18447E-3	4.19619E-4	0.00000E+0	-9.70736E-7	-9.89537E-10	0.00000E+0	0.00000E+0	2.00280E+0	0.00000E+0
6.42150E+0	-6.08924E-3	1.18542E-3	4.05075E-4	0.00000E+0	-9.70853E-7	-9.89537E-10	0.00000E+0	0.00000E+0	2.00070E+0	0.00000E+0
6.43870E+0	-6.09782E-3	1.18733E-3	3.89578E-4	0.00000E+0	-9.70969E-7	-9.89537E-10	0.00000E+0	0.00000E+0	2.00190E+0	0.00000E+0
6.45580E+0	-6.10641E-3	1.18924E-3	3.70981E-4	0.00000E+0	-9.71027E-7	-1.04775E-9	0.00000E+0	0.00000E+0	2.00180E+0	0.00000E+0
6.47300E+0	-6.11308E-3	1.19019E-3	3.56438E-4	0.00000E+0	-9.71144E-7	-1.04775E-9	0.00000E+0	0.00000E+0	2.00040E+0	0.00000E+0
6.49010E+0	-6.12071E-3	1.19115E-3	3.43086E-4	0.00000E+0	-9.71202E-7	-1.04775E-9	0.00000E+0	0.00000E+0	1.99940E+0	0.00000E+0
6.50730E+0	-6.12834E-3	1.19305E-3	3.28543E-4	0.00000E+0	-9.71260E-7	-1.10595E-9	0.00000E+0	0.00000E+0	1.99950E+0	0.00000E+0
6.52440E+0	-6.13692E-3	1.19401E-3	3.15430E-4	0.00000E+0	-9.71377E-7	-1.10595E-9	0.00000E+0	0.00000E+0	2.00300E+0	0.00000E+0
6.54160E+0	-6.14360E-3	1.19592E-3	3.00409E-4	0.00000E+0	-9.71435E-7	-1.10595E-9	0.00000E+0	0.00000E+0	2.00190E+0	0.00000E+0
6.55870E+0	-6.15028E-3	1.19782E-3	2.87296E-4	0.00000E+0	-9.71493E-7	-1.16416E-9	0.00000E+0	0.00000E+0	2.00270E+0	0.00000E+0
6.57590E+0	-6.15600E-3	1.19782E-3	2.75137E-4	0.00000E+0	-9.71551E-7	-1.16416E-9	0.00000E+0	0.00000E+0	2.00040E+0	0.00000E+0
6.59310E+0	-6.16458E-3	1.19973E-3	2.61785E-4	0.00000E+0	-9.71610E-7	-1.22237E-9	0.00000E+0	0.00000E+0	2.00070E+0	0.00000E+0
6.61020E+0	-6.17030E-3	1.20068E-3	2.47719E-4	0.00000E+0	-9.71668E-7	-1.22237E-9	0.00000E+0	0.00000E+0	1.99960E+0	0.00000E+0
6.62740E+0	-6.17507E-3	1.20259E-3	2.35797E-4	0.00000E+0	-9.71726E-7	-1.22237E-9	0.00000E+0	0.00000E+0	2.00060E+0	0.00000E+0
6.64450E+0	-6.18079E-3	1.20259E-3	2.25306E-4	0.00000E+0	-9.71784E-7	-1.22237E-9	0.00000E+0	0.00000E+0	1.99760E+0	0.00000E+0
6.66170E+0	-6.18556E-3	1.20354E-3	2.12432E-4	0.00000E+0	-9.71842E-7	-1.28058E-9	0.00000E+0	0.00000E+0	2.00250E+0	0.00000E+0
6.67880E+0	-6.19033E-3	1.20450E-3	2.03610E-4	0.00000E+0	-9.71901E-7	-1.28058E-9	0.00000E+0	0.00000E+0	2.00270E+0	0.00000E+0
6.69600E+0	-6.19510E-3	1.20545E-3	1.90736E-4	0.00000E+0	-9.71959E-7	-1.28058E-9	0.00000E+0	0.00000E+0	1.99720E+0	0.00000E+0
6.71310E+0	-6.19891E-3	1.20641E-3	1.79769E-4	0.00000E+0	-9.72017E-7	-1.28058E-9	0.00000E+0	0.00000E+0	2.00220E+0	0.00000E+0
6.73030E+0	-6.20368E-3	1.20736E-3	1.69755E-4	0.00000E+0	-9.72075E-7	-1.33878E-9	0.00000E+0	0.00000E+0	2.00310E+0	0.00000E+0
6.74740E+0	-6.20750E-3	1.20831E-3	1.58311E-4	0.00000E+0	-9.72133E-7	-1.33878E-9	0.00000E+0	0.00000E+0	2.00070E+0	0.00000E+0
6.76460E+0	-6.21036E-3	1.20831E-3	1.49013E-4	0.00000E+0	-9.72133E-7	-1.33878E-9	0.00000E+0	0.00000E+0	2.00200E+0	0.00000E+0
6.78170E+0	-6.21417E-3	1.20927E-3	1.41145E-4	0.00000E+0	-9.72192E-7	-1.33878E-9	0.00000E+0	0.00000E+0	2.00290E+0	0.00000E+0
6.79890E+0	-6.21894E-3	1.21117E-3	1.32085E-4	0.00000E+0	-9.72250E-7	-1.33878E-9	0.00000E+0	0.00000E+0	2.00040E+0	0.00000E+0
6.81610E+0	-6.22275E-3	1.21117E-3	1.21356E-4	0.00000E+0	-9.72308E-7	-1.33878E-9	0.00000E+0	0.00000E+0	1.99930E+0	0.00000E+0
6.83320E+0	-6.22562E-3	1.21308E-3	1.12296E-4	0.00000E+0	-9.72308E-7	-1.39699E-9	0.00000E+0	0.00000E+0	2.00030E+0	0.00000E+0
6.85040E+0	-6.23038E-3	1.21308E-3	1.05143E-4	0.00000E+0	-9.72366E-7	-1.39699E-9	0.00000E+0	0.00000E+0	2.00020E+0	0.00000E+0
6.86750E+0	-6.23325E-3	1.21499E-3	9.60832E-5	0.00000E+0	-9.72366E-7	-1.39699E-9	0.00000E+0	0.00000E+0	1.99930E+0	0.00000E+0
6.88470E+0	-6.23515E-3	1.21499E-3	8.89306E-5	0.00000E+0	-9.72424E-7	-1.39699E-9	0.00000E+0	0.00000E+0	1.99990E+0	0.00000E+0
6.90180E+0	-6.23897E-3	1.21594E-3	8.17780E-5	0.00000E+0	-9.72424E-7	-1.45520E-9	0.00000E+0	0.00000E+0	1.99900E+0	0.00000E+0
6.91900E+0	-6.23992E-3	1.21594E-3	7.43871E-5	0.00000E+0	-9.72483E-7	-1.45520E-9	0.00000E+0	0.00000E+0	2.00190E+0	0.00000E+0
6.93610E+0	-6.24183E-3	1.21690E-3	6.77113E-5	-2.38420E-7	-9.72483E-7	-1.45520E-9	0.00000E+0	0.00000E+0	2.00080E+0	0.00000E+0
6.95330E+0	-6.24278E-3	1.21785E-3	6.07970E-5	-2.38420E-7	-9.72541E-7	-1.45520E-9	0.00000E+0	0.00000E+0	2.00280E+0	0.00000E+0
6.97040E+0	-6.24374E-3	1.21785E-3	5.50749E-5	-2.38420E-7	-9.72541E-7	-1.45520E-9	0.00000E+0	0.00000E+0	2.00100E+0	0.00000E+0
6.98760E+0	-6.24469E-3	1.21880E-3	5.05450E-5	-2.38420E-7	-9.72541E-7	-1.45520E-9	0.00000E+0	0.00000E+0	2.00040E+0	0.00000E+0
7.00470E+0	-6.24564E-3	1.21976E-3	4.52998E-5	-2.38420E-7	-9.72541E-7	-1.45520E-9	0.00000E+0	0.00000E+0	1.99940E+0	0.00000E+0
7.02190E+0	-6.24564E-3	1.21976E-3	4.07698E-5	-2.38420E-7	-9.72541E-7	-1.45520E-9	0.00000E+0	0.00000E+0	2.00310E+0	0.00000E+0
7.03900E+0	-6.24660E-3	1.22071E-3	3.71935E-5	-2.38420E-7	-9.72541E-7	-1.45520E-9	0.00000E+0	0.00000E+0	2.00090E+0	0.00000E+0
7.05620E+0	-6.24850E-3	1.22166E-3	3.40941E-5	-4.76841E-7	-9.72541E-7	-1.39699E-9	0.00000E+0	0.00000E+0	2.00370E+0	0.00000E+0
7.07340E+0	-6.24850E-3	1.22166E-3	3.00409E-5	-4.76841E-7	-9.72541E-7	-1.39699E-9	0.00000E+0	0.00000E+0	1.99920E+0	0.00000E+0
7.09050E+0	-6.24946E-3	1.22166E-3	2.69414E-5	-4.76841E-7	-9.72483E-7	-1.39699E-9	0.00000E+0	0.00000E+0	2.00140E+0	0.00000E+0
7.10770E+0	-6.24946E-3	1.22357E-3	2.40804E-5	-4.76841E-7	-9.72483E-7	-1.39699E-9	0.00000E+0	0.00000E+0	2.00250E+0	0.00000E+0
7.12480E+0	-6.25041E-3	1.22357E-3	2.14578E-5	-4.76841E-7	-9.72424E-7	-1.33878E-9	0.00000E+0	0.00000E+0	1.99910E+0	0.00000E+0
7.14200E+0	-6.25041E-3	1.22453E-3	1.90736E-5	-7.15259E-7	-9.72424E-7	-1.33878E-9	0.00000E+0	0.00000E+0	1.99840E+0	0.00000E+0
7.15910E+0	-6.25232E-3	1.22453E-3	1.64510E-5	-7.15259E-7	-9.72366E-7	-1.33878E-9	0.00000E+0	0.00000E+0	1.99990E+0	0.00000E+0
7.17630E+0	-6.25232E-3	1.22453E-3	1.38283E-5	-7.15259E-7	-9.72366E-7	-1.33878E-9	0.00000E+0	0.00000E+0	1.99890E+0	0.00000E+0
7.19340E+0	-6.25327E-3	1.22643E-3	1.21594E-5	-7.15259E-7	-9.72308E-7	-1.33878E-9	0.00000E+0	0.00000E+0	2.00180E+0	0.00000E+0
7.21060E+0	-6.25327E-3	1.22643E-3	1.02521E-5	-7.15259E-7	-9.72250E-7	-1.28058E-9	0.00000E+0	0.00000E+0	2.00220E+0	0.00000E+0
7.22770E+0	-6.25327E-3	1.22643E-3	8.58313E-6	-7.15259E-7	-9.72192E-7	-1.28058E-9	0.00000E+0	0.00000E+0	2.00200E+0	0.00000E+0
7.24490E+0	-6.25423E-3	1.22643E-3	7.39101E-6	-7.15259E-7	-9.72133E-7	-1.22237E-9	0.00000E+0	0.00000E+0	2.00130E+0	0.00000E+0
7.26200E+0	-6.25327E-3	1.22739E-3	5.96049E-6	-9.53682E-7	-9.72075E-7	-1.22237E-9	0.00000E+0	0.00000E+0	2.00080E+0	0.00000E+0
7.27920E+0	-6.25327E-3	1.22739E-3	5.00682E-6	-9.53682E-7	-9.71959E-7	-1.22237E-9	0.00000E+0	0.00000E+0	1.99940E+0	0.00000E+0
7.29630E+0	-6.25327E-3	1.22739E-3	4.29156E-6	-1.19210E-6	-9.71901E-7	-1.16416E-9	0.00000E+0	0.00000E+0	2.00090E+0	0.00000E+0
7.31350E+0	-6.25327E-3	1.22739E-3	3.09946E-6	-1.19210E-6	-9.71842E-7	-1.10595E-9	0.00000E+0	0.00000E+0	2.00030E+0	0.00000E+0
7.33070E+0	-6.25232E-3	1.22834E-3	2.38420E-6	-1.19210E-6	-9.71726E-7	-1.10595E-9	0.00000E+0	0.00000E+0	1.99970E+0	0.00000E+0
7.34780E+0	-6.25232E-3	1.22834E-3	1.43052E-6	-1.19210E-6	-9.71668E-7	-1.04775E-9	0.00000E+0	0.00000E+0	1.99930E+0	0.00000E+0
7.36500E+0	-6.25232E-3	1.22834E-3	7.15259E-7	-1.43052E-6	-9.71551E-7	-1.04775E-9	0.00000E+0	0.00000E+0	2.00110E+0	0.00000E+0
7.38210E+0	-6.25232E-3	1.22834E-3	0.00000E+0	-1.43052E-6	-9.71435E-7	-9.89537E-10	0.00000E+0	0.00000E+0	2.00270E+0	0.00000E+0
7.39930E+0	-6.25136E-3	1.22834E-3	-4.76841E-7	-1.66894E-6	-9.71319E-7	-9.31330E-10	0.00000E+0	0.00000E+0	2.00290E+0	0.00000E+0
7.41640E+0	-6.25041E-3	1.22834E-3	-1.19210E-6	-1.66894E-6	-9.71202E-7	-8.73118E-10	0.00000E+0	0.00000E+0	2.00210E+0	0.00000E+0
7.43360E+0	-6.25041E-3	1.22834E-3	-1.66894E-6	-1.90736E-6	-9.71027E-7	-8.73118E-10	0.00000E+0	0.00000E+0	1.99980E+0	0.00000E+0
7.45070E+0	-6.24946E-3	1.22834E-3	-2.14578E-6	-1.90736E-6	-9.70969E-7	-8.14911E-10	0.00000E+0	0.00000E+0	1.99980E+0	0.00000E+0
7.46790E+0	-6.24946E-3	1.22834E-3	-2.38420E-6	-2.38420E-6	-9.70795E-7	-7.56703E-10	0.00000E+0	0.00000E+0	1.99690E+0	0.00000E+0
7.48500E+0	-6.24850E-3	1.22834E-3	-2.86104E-6	-2.38420E-6	-9.70678E-7	-7.56703E-10	0.00000E+0	0.00000E+0	2.00190E+0	0.00000E+0
7.50220E+0	-6.24850E-3	1.22834E-3	-3.09946E-6	-2.62262E-6	-9.70504E-7	-6.98495E-10	0.00000E+0	0.00000E+0	2.00160E+0	0.00000E+0
7.51930E+0	-6.24755E-3	1.22834E-3	-3.57629E-6	-2.86104E-6	-9.70387E-7	-6.40288E-10	0.00000E+0	0.00000E+0	2.00030E+0	0.00000E+0
7.53650E+0	-6.24660E-3	1.22834E-3	-3.81473E-6	-3.09946E-6	-9.70213E-7	-5.82080E-10	0.00000E+0	0.00000E+0	2.00340E+0	0.00000E+0
7.55370E+0	-6.24564E-3	1.22834E-3	-4.05314E-6	-3.33787E-6	-9.70038E-7	-5.23873E-10	0.00000E+0	0.00000E+0	2.00090E+0	0.00000E+0
7.57080E+0	-6.24564E-3	1.22834E-3	-4.52998E-6	-3.57629E-6	-9.69863E-7	-5.23873E-10	0.00000E+0	0.00000E+0	1.99960E+0	0.00000E+0
7.58800E+0	-6.24469E-3	1.22834E-3	-4.76840E-6	-3.81473E-6	-9.69747E-7	-4.07455E-10	0.00000E+0	0.00000E+0	2.00070E+0	0.00000E+0
7.60510E+0	-6.24374E-3	1.22739E-3	-5.00682E-6	-4.05314E-6	-9.69572E-7	-4.07455E-10	0.00000E+0	0.00000E+0	1.99980E+0	0.00000E+0
7.62230E+0	-6.24374E-3	1.22834E-3	-5.48366E-6	-4.29156E-6	-9.69398E-7	-3.49248E-10	0.00000E+0	0.00000E+0	2.00000E+0	0.00000E+0
7.63940E+0	-6.24278E-3	1.22739E-3	-5.72208E-6	-4.52998E-6	-9.69223E-7	-2.91040E-10	0.00000E+0	0.00000E+0	2.00270E+0	0.00000E+0
7.65660E+0	-6.24183E-3	1.22739E-3	-6.19891E-6	-5.00682E-6	-9.69107E-7	-2.91040E-10	0.00000E+0	0.00000E+0	2.00190E+0	0.00000E+0
7.67370E+0	-6.24183E-3	1.22739E-3	-6.19891E-6	-5.00682E-6	-9.69107E-7	-2.91040E-10	0.00000E+0	0.00000E+0	1.99890E+0	0.00000E+0
7.69090E+0	-6.24183E-3	1.22739E-3	-6.19891E-6	-5.24524E-6	-9.69107E-7	-2.91040E-10	0.00000E+0	0.00000E+0	1.99670E+0	0.00000E+0
7.70000E+0	-6.24183E-3	1.22739E-3	-6.19891E-6	-5.00682E-6	-9.69165E-7	-2.91040E-10	0.00000E+0	0.00000E+0	1.99990E+0	0.00000E+0
