B (T)	X1(V)	Y1 (V)	X2(V)	Y2(V)	X3 (V)	Y3 (V)	X4 (V)	Y4 (V)	SensA (V)	SensB (V)
0.00000E+0	-7.08869E-3	1.41049E-3	2.10764E-3	-7.86787E-6	-9.57989E-7	3.02681E-9	0.00000E+0	0.00000E+0	1.99800E+0	0.00000E+0
0.00000E+0	-6.94183E-3	1.37997E-3	4.34354E-3	-3.05178E-5	-9.58804E-7	2.91040E-9	0.00000E+0	0.00000E+0	1.99490E+0	0.00000E+0
0.00000E+0	-6.79973E-3	1.35232E-3	4.30587E-3	-2.93256E-5	-9.59561E-7	2.79398E-9	0.00000E+0	0.00000E+0	1.99790E+0	0.00000E+0
7.69630E+0	-6.68052E-3	1.32848E-3	4.23220E-3	-2.78951E-5	-9.60317E-7	2.61936E-9	0.00000E+0	0.00000E+0	2.00000E+0	0.00000E+0
7.67920E+0	-6.58515E-3	1.30845E-3	4.13302E-3	-2.62262E-5	-9.61074E-7	2.44474E-9	0.00000E+0	0.00000E+0	1.99800E+0	0.00000E+0
7.66200E+0	-6.50313E-3	1.29224E-3	4.01190E-3	-2.40804E-5	-9.61772E-7	2.27011E-9	0.00000E+0	0.00000E+0	2.00000E+0	0.00000E+0
7.64490E+0	-6.43829E-3	1.27984E-3	3.86621E-3	-2.21730E-5	-9.62413E-7	2.09549E-9	0.00000E+0	0.00000E+0	1.99760E+0	0.00000E+0
7.62770E+0	-6.38869E-3	1.26839E-3	3.70838E-3	-2.00273E-5	-9.63053E-7	1.92087E-9	0.00000E+0	0.00000E+0	1.99580E+0	0.00000E+0
7.61060E+0	-6.35055E-3	1.26076E-3	3.54244E-3	-1.81199E-5	-9.63693E-7	1.74624E-9	0.00000E+0	0.00000E+0	1.99620E+0	0.00000E+0
7.59340E+0	-6.31908E-3	1.25409E-3	3.36815E-3	-1.62126E-5	-9.64275E-7	1.57161E-9	0.00000E+0	0.00000E+0	2.00200E+0	0.00000E+0
7.57630E+0	-6.29523E-3	1.24932E-3	3.18624E-3	-1.43052E-5	-9.64857E-7	1.39699E-9	0.00000E+0	0.00000E+0	1.99950E+0	0.00000E+0
7.55910E+0	-6.27711E-3	1.24551E-3	3.00218E-3	-1.26362E-5	-9.65381E-7	1.22237E-9	0.00000E+0	0.00000E+0	1.99900E+0	0.00000E+0
7.54200E+0	-6.26376E-3	1.24169E-3	2.82027E-3	-1.12057E-5	-9.65905E-7	1.04775E-9	0.00000E+0	0.00000E+0	2.00170E+0	0.00000E+0
7.52480E+0	-6.25423E-3	1.23978E-3	2.64098E-3	-9.53680E-6	-9.66429E-7	8.73118E-10	0.00000E+0	0.00000E+0	2.00130E+0	0.00000E+0
7.50770E+0	-6.24660E-3	1.23788E-3	2.46240E-3	-8.10629E-6	-9.66895E-7	6.98495E-10	0.00000E+0	0.00000E+0	1.99890E+0	0.00000E+0
7.49050E+0	-6.24183E-3	1.23597E-3	2.28526E-3	-6.91417E-6	-9.67360E-7	5.23873E-10	0.00000E+0	0.00000E+0	1.99810E+0	0.00000E+0
7.47330E+0	-6.23897E-3	1.23502E-3	2.11312E-3	-5.96049E-6	-9.67826E-7	4.07455E-10	0.00000E+0	0.00000E+0	2.00210E+0	0.00000E+0
7.45620E+0	-6.23706E-3	1.23311E-3	1.94217E-3	-4.76840E-6	-9.68234E-7	2.32832E-10	0.00000E+0	0.00000E+0	1.99860E+0	0.00000E+0
7.43900E+0	-6.23611E-3	1.23311E-3	1.77050E-3	-3.81473E-6	-9.68641E-7	5.82081E-11	0.00000E+0	0.00000E+0	1.99900E+0	0.00000E+0
7.42190E+0	-6.23611E-3	1.23120E-3	1.60981E-3	-2.86104E-6	-9.69048E-7	-5.82081E-11	0.00000E+0	0.00000E+0	1.99840E+0	0.00000E+0
7.40470E+0	-6.23706E-3	1.23120E-3	1.45484E-3	-2.38420E-6	-9.69398E-7	-1.74624E-10	0.00000E+0	0.00000E+0	1.99560E+0	0.00000E+0
7.38760E+0	-6.23897E-3	1.23120E-3	1.30821E-3	-1.66894E-6	-9.69747E-7	-3.49248E-10	0.00000E+0	0.00000E+0	1.99810E+0	0.00000E+0
7.37040E+0	-6.23992E-3	1.23025E-3	1.17327E-3	-7.15259E-7	-9.70096E-7	-4.07455E-10	0.00000E+0	0.00000E+0	1.99930E+0	0.00000E+0
7.35330E+0	-6.24183E-3	1.22929E-3	1.04142E-3	0.00000E+0	-9.70387E-7	-5.82080E-10	0.00000E+0	0.00000E+0	1.99740E+0	0.00000E+0
7.33610E+0	-6.24374E-3	1.22834E-3	9.18392E-4	9.53682E-7	-9.70678E-7	-6.40288E-10	0.00000E+0	0.00000E+0	1.99880E+0	0.00000E+0
7.31900E+0	-6.24564E-3	1.22834E-3	8.05143E-4	2.14578E-6	-9.70911E-7	-7.56703E-10	0.00000E+0	0.00000E+0	2.00140E+0	0.00000E+0
7.30180E+0	-6.24755E-3	1.22834E-3	7.01908E-4	2.86104E-6	-9.71144E-7	-8.14911E-10	0.00000E+0	0.00000E+0	1.99660E+0	0.00000E+0
7.28470E+0	-6.24946E-3	1.22739E-3	6.05825E-4	2.86104E-6	-9.71377E-7	-9.31330E-10	0.00000E+0	0.00000E+0	1.99950E+0	0.00000E+0
7.26750E+0	-6.25136E-3	1.22739E-3	5.17610E-4	2.14578E-6	-9.71551E-7	-9.89537E-10	0.00000E+0	0.00000E+0	2.00150E+0	0.00000E+0
7.25040E+0	-6.25327E-3	1.22643E-3	4.36546E-4	1.43052E-6	-9.71726E-7	-1.10595E-9	0.00000E+0	0.00000E+0	1.99810E+0	0.00000E+0
7.23320E+0	-6.25518E-3	1.22643E-3	3.62875E-4	7.15259E-7	-9.71901E-7	-1.16416E-9	0.00000E+0	0.00000E+0	1.99830E+0	0.00000E+0
7.21600E+0	-6.25709E-3	1.22548E-3	2.96595E-4	4.76841E-7	-9.72075E-7	-1.22237E-9	0.00000E+0	0.00000E+0	2.00010E+0	0.00000E+0
7.19890E+0	-6.25709E-3	1.22548E-3	2.38658E-4	0.00000E+0	-9.72192E-7	-1.28058E-9	0.00000E+0	0.00000E+0	2.00160E+0	0.00000E+0
7.18170E+0	-6.25899E-3	1.22453E-3	1.89305E-4	0.00000E+0	-9.72366E-7	-1.33878E-9	0.00000E+0	0.00000E+0	2.00140E+0	0.00000E+0
7.16460E+0	-6.25995E-3	1.22453E-3	1.46867E-4	0.00000E+0	-9.72424E-7	-1.33878E-9	0.00000E+0	0.00000E+0	2.00010E+0	0.00000E+0
7.14740E+0	-6.26090E-3	1.22453E-3	1.11104E-4	0.00000E+0	-9.72541E-7	-1.39699E-9	0.00000E+0	0.00000E+0	1.99750E+0	0.00000E+0
7.13030E+0	-6.26186E-3	1.22357E-3	8.15396E-5	0.00000E+0	-9.72599E-7	-1.45520E-9	0.00000E+0	0.00000E+0	2.00020E+0	0.00000E+0
7.11310E+0	-6.26186E-3	1.22357E-3	5.74591E-5	0.00000E+0	-9.72657E-7	-1.45520E-9	0.00000E+0	0.00000E+0	1.99920E+0	0.00000E+0
7.09600E+0	-6.26281E-3	1.22262E-3	3.88625E-5	0.00000E+0	-9.72715E-7	-1.45520E-9	0.00000E+0	0.00000E+0	1.99980E+0	0.00000E+0
7.07880E+0	-6.26376E-3	1.22166E-3	2.50341E-5	0.00000E+0	-9.72774E-7	-1.51341E-9	0.00000E+0	0.00000E+0	1.99770E+0	0.00000E+0
7.06170E+0	-6.26376E-3	1.22166E-3	1.57357E-5	0.00000E+0	-9.72832E-7	-1.51341E-9	0.00000E+0	0.00000E+0	2.00010E+0	0.00000E+0
7.04450E+0	-6.26376E-3	1.22166E-3	9.29838E-6	0.00000E+0	-9.72832E-7	-1.51341E-9	0.00000E+0	0.00000E+0	1.99930E+0	0.00000E+0
7.02740E+0	-6.26472E-3	1.22071E-3	5.48366E-6	0.00000E+0	-9.72832E-7	-1.51341E-9	0.00000E+0	0.00000E+0	1.99770E+0	0.00000E+0
7.01020E+0	-6.26567E-3	1.22071E-3	3.33787E-6	0.00000E+0	-9.72890E-7	-1.51341E-9	0.00000E+0	0.00000E+0	2.00000E+0	0.00000E+0
6.99300E+0	-6.26567E-3	1.21976E-3	1.90736E-6	0.00000E+0	-9.72890E-7	-1.51341E-9	0.00000E+0	0.00000E+0	2.00120E+0	0.00000E+0
6.97590E+0	-6.26567E-3	1.21976E-3	9.53682E-7	0.00000E+0	-9.72890E-7	-1.51341E-9	0.00000E+0	0.00000E+0	1.99870E+0	0.00000E+0
6.95870E+0	-6.26567E-3	1.21976E-3	2.38420E-7	0.00000E+0	-9.72890E-7	-1.57161E-9	0.00000E+0	0.00000E+0	1.99900E+0	0.00000E+0
6.94160E+0	-6.26567E-3	1.21976E-3	0.00000E+0	0.00000E+0	-9.72890E-7	-1.57161E-9	0.00000E+0	0.00000E+0	2.00190E+0	0.00000E+0
6.92440E+0	-6.26567E-3	1.21976E-3	0.00000E+0	2.38420E-7	-9.72948E-7	-1.57161E-9	0.00000E+0	0.00000E+0	1.99750E+0	0.00000E+0
6.90730E+0	-6.26662E-3	1.21880E-3	-2.38420E-7	2.38420E-7	-9.72948E-7	-1.57161E-9	0.00000E+0	0.00000E+0	1.99980E+0	0.00000E+0
6.89010E+0	-6.26662E-3	1.21880E-3	-7.15259E-7	2.38420E-7	-9.72948E-7	-1.57161E-9	0.00000E+0	0.00000E+0	2.00040E+0	0.00000E+0
6.87300E+0	-6.26662E-3	1.21880E-3	-7.15259E-7	2.38420E-7	-9.73007E-7	-1.57161E-9	0.00000E+0	0.00000E+0	2.00040E+0	0.00000E+0
6.85580E+0	-6.26758E-3	1.21785E-3	-9.53682E-7	2.38420E-7	-9.73007E-7	-1.57161E-9	0.00000E+0	0.00000E+0	1.99930E+0	0.00000E+0
6.83870E+0	-6.26758E-3	1.21785E-3	-9.53682E-7	2.38420E-7	-9.73007E-7	-1.57161E-9	0.00000E+0	0.00000E+0	1.99740E+0	0.00000E+0
6.82150E+0	-6.26758E-3	1.21785E-3	-1.19210E-6	2.38420E-7	-9.73007E-7	-1.57161E-9	0.00000E+0	0.00000E+0	1.99790E+0	0.00000E+0
6.80440E+0	-6.26853E-3	1.21785E-3	-1.19210E-6	2.38420E-7	-9.73007E-7	-1.57161E-9	0.00000E+0	0.00000E+0	2.00160E+0	0.00000E+0
6.78720E+0	-6.26853E-3	1.21785E-3	-1.19210E-6	2.38420E-7	-9.73007E-7	-1.57161E-9	0.00000E+0	0.00000E+0	1.99830E+0	0.00000E+0
6.77010E+0	-6.26853E-3	1.21785E-3	-1.19210E-6	2.38420E-7	-9.73007E-7	-1.57161E-9	0.00000E+0	0.00000E+0	2.00100E+0	0.00000E+0
6.75290E+0	-6.26853E-3	1.21785E-3	-1.19210E-6	2.38420E-7	-9.73007E-7	-1.57161E-9	0.00000E+0	0.00000E+0	2.00110E+0	0.00000E+0
6.73570E+0	-6.26853E-3	1.21785E-3	-1.19210E-6	2.38420E-7	-9.73065E-7	-1.57161E-9	0.00000E+0	0.00000E+0	1.99820E+0	0.00000E+0
6.71860E+0	-6.26853E-3	1.21785E-3	-1.19210E-6	2.38420E-7	-9.73065E-7	-1.57161E-9	0.00000E+0	0.00000E+0	2.00110E+0	0.00000E+0
6.70140E+0	-6.26853E-3	1.21785E-3	-1.19210E-6	2.38420E-7	-9.73065E-7	-1.57161E-9	0.00000E+0	0.00000E+0	1.99930E+0	0.00000E+0
6.68430E+0	-6.26853E-3	1.21785E-3	-1.43052E-6	2.38420E-7	-9.73065E-7	-1.57161E-9	0.00000E+0	0.00000E+0	1.99900E+0	0.00000E+0
6.66710E+0	-6.26853E-3	1.21785E-3	-1.43052E-6	2.38420E-7	-9.73065E-7	-1.57161E-9	0.00000E+0	0.00000E+0	2.00000E+0	0.00000E+0
6.65000E+0	-6.26853E-3	1.21785E-3	-1.43052E-6	2.38420E-7	-9.73065E-7	-1.57161E-9	0.00000E+0	0.00000E+0	2.00000E+0	0.00000E+0
6.63280E+0	-6.26853E-3	1.21785E-3	-1.43052E-6	2.38420E-7	-9.73065E-7	-1.57161E-9	0.00000E+0	0.00000E+0	1.99830E+0	0.00000E+0
6.61570E+0	-6.26853E-3	1.21785E-3	-1.43052E-6	2.38420E-7	-9.73065E-7	-1.57161E-9	0.00000E+0	0.00000E+0	2.00050E+0	0.00000E+0
6.59850E+0	-6.26853E-3	1.21785E-3	-1.43052E-6	2.38420E-7	-9.73065E-7	-1.57161E-9	0.00000E+0	0.00000E+0	2.00090E+0	0.00000E+0
6.58140E+0	-6.26853E-3	1.21785E-3	-1.43052E-6	2.38420E-7	-9.73065E-7	-1.57161E-9	0.00000E+0	0.00000E+0	1.99970E+0	0.00000E+0
6.56420E+0	-6.26853E-3	1.21785E-3	-1.43052E-6	2.38420E-7	-9.73065E-7	-1.62982E-9	0.00000E+0	0.00000E+0	1.99920E+0	0.00000E+0
6.54710E+0	-6.26853E-3	1.21785E-3	-1.43052E-6	2.38420E-7	-9.73065E-7	-1.62982E-9	0.00000E+0	0.00000E+0	2.00240E+0	0.00000E+0
6.52990E+0	-6.26853E-3	1.21785E-3	-1.19210E-6	2.38420E-7	-9.73065E-7	-1.62982E-9	0.00000E+0	0.00000E+0	2.00020E+0	0.00000E+0
6.51280E+0	-6.26853E-3	1.21785E-3	-1.19210E-6	2.38420E-7	-9.73065E-7	-1.62982E-9	0.00000E+0	0.00000E+0	1.99800E+0	0.00000E+0
6.49560E+0	-6.26853E-3	1.21785E-3	-1.19210E-6	2.38420E-7	-9.73065E-7	-1.62982E-9	0.00000E+0	0.00000E+0	2.00000E+0	0.00000E+0
6.47840E+0	-6.26853E-3	1.21785E-3	-1.19210E-6	2.38420E-7	-9.73065E-7	-1.62982E-9	0.00000E+0	0.00000E+0	2.00060E+0	0.00000E+0
6.46130E+0	-6.26853E-3	1.21785E-3	-1.19210E-6	4.76841E-7	-9.73065E-7	-1.62982E-9	0.00000E+0	0.00000E+0	2.00140E+0	0.00000E+0
6.44410E+0	-6.26853E-3	1.21785E-3	-1.19210E-6	4.76841E-7	-9.73065E-7	-1.62982E-9	0.00000E+0	0.00000E+0	1.99720E+0	0.00000E+0
6.42700E+0	-6.26853E-3	1.21785E-3	-1.19210E-6	4.76841E-7	-9.73065E-7	-1.62982E-9	0.00000E+0	0.00000E+0	1.99720E+0	0.00000E+0
6.40980E+0	-6.26853E-3	1.21785E-3	-9.53682E-7	4.76841E-7	-9.73065E-7	-1.62982E-9	0.00000E+0	0.00000E+0	2.00120E+0	0.00000E+0
6.39270E+0	-6.26853E-3	1.21785E-3	-7.15259E-7	4.76841E-7	-9.73007E-7	-1.62982E-9	0.00000E+0	0.00000E+0	2.00050E+0	0.00000E+0
6.37550E+0	-6.26758E-3	1.21785E-3	-2.38420E-7	4.76841E-7	-9.73007E-7	-1.62982E-9	0.00000E+0	0.00000E+0	2.00050E+0	0.00000E+0
6.35840E+0	-6.26758E-3	1.21785E-3	2.38420E-7	4.76841E-7	-9.73007E-7	-1.62982E-9	0.00000E+0	0.00000E+0	2.00000E+0	0.00000E+0
6.34120E+0	-6.26758E-3	1.21785E-3	7.15259E-7	4.76841E-7	-9.73007E-7	-1.62982E-9	0.00000E+0	0.00000E+0	2.00030E+0	0.00000E+0
6.32410E+0	-6.26758E-3	1.21785E-3	1.43052E-6	4.76841E-7	-9.73007E-7	-1.62982E-9	0.00000E+0	0.00000E+0	1.99830E+0	0.00000E+0
6.30690E+0	-6.26662E-3	1.21785E-3	2.14578E-6	4.76841E-7	-9.72948E-7	-1.62982E-9	0.00000E+0	0.00000E+0	2.00150E+0	0.00000E+0
6.28980E+0	-6.26662E-3	1.21785E-3	3.09946E-6	4.76841E-7	-9.72948E-7	-1.62982E-9	0.00000E+0	0.00000E+0	1.99910E+0	0.00000E+0
6.27260E+0	-6.26567E-3	1.21785E-3	4.76840E-6	4.76841E-7	-9.72948E-7	-1.62982E-9	0.00000E+0	0.00000E+0	2.00120E+0	0.00000E+0
6.25550E+0	-6.26567E-3	1.21785E-3	6.43733E-6	4.76841E-7	-9.72890E-7	-1.62982E-9	0.00000E+0	0.00000E+0	1.99810E+0	0.00000E+0
6.23830E+0	-6.26567E-3	1.21785E-3	8.82155E-6	4.76841E-7	-9.72890E-7	-1.57161E-9	0.00000E+0	0.00000E+0	2.00160E+0	0.00000E+0
6.22110E+0	-6.26567E-3	1.21785E-3	1.14442E-5	4.76841E-7	-9.72832E-7	-1.62982E-9	0.00000E+0	0.00000E+0	1.99780E+0	0.00000E+0
6.20400E+0	-6.26472E-3	1.21785E-3	1.47820E-5	4.76841E-7	-9.72832E-7	-1.57161E-9	0.00000E+0	0.00000E+0	1.99820E+0	0.00000E+0
6.18680E+0	-6.26376E-3	1.21785E-3	1.83583E-5	4.76841E-7	-9.72774E-7	-1.57161E-9	0.00000E+0	0.00000E+0	1.99990E+0	0.00000E+0
6.16970E+0	-6.26376E-3	1.21785E-3	2.26499E-5	4.76841E-7	-9.72715E-7	-1.57161E-9	0.00000E+0	0.00000E+0	1.99890E+0	0.00000E+0
6.15250E+0	-6.26376E-3	1.21785E-3	2.76567E-5	4.76841E-7	-9.72657E-7	-1.57161E-9	0.00000E+0	0.00000E+0	1.99880E+0	0.00000E+0
6.13540E+0	-6.26186E-3	1.21785E-3	3.31404E-5	4.76841E-7	-9.72657E-7	-1.57161E-9	0.00000E+0	0.00000E+0	2.00040E+0	0.00000E+0
6.11820E+0	-6.26186E-3	1.21690E-3	3.95777E-5	4.76841E-7	-9.72599E-7	-1.57161E-9	0.00000E+0	0.00000E+0	1.99980E+0	0.00000E+0
6.10130E+0	-6.26090E-3	1.21690E-3	4.67303E-5	4.76841E-7	-9.72541E-7	-1.57161E-9	0.00000E+0	0.00000E+0	1.99810E+0	0.00000E+0
6.08410E+0	-6.25899E-3	1.21690E-3	5.43597E-5	4.76841E-7	-9.72424E-7	-1.51341E-9	0.00000E+0	0.00000E+0	1.99800E+0	0.00000E+0
6.06700E+0	-6.25899E-3	1.21690E-3	6.27046E-5	7.15259E-7	-9.72366E-7	-1.51341E-9	0.00000E+0	0.00000E+0	1.99960E+0	0.00000E+0
6.04980E+0	-6.25709E-3	1.21690E-3	7.24797E-5	4.76841E-7	-9.72308E-7	-1.51341E-9	0.00000E+0	0.00000E+0	1.99890E+0	0.00000E+0
6.03270E+0	-6.25518E-3	1.21594E-3	8.34470E-5	4.76841E-7	-9.72192E-7	-1.51341E-9	0.00000E+0	0.00000E+0	2.00210E+0	0.00000E+0
6.01550E+0	-6.25232E-3	1.21594E-3	9.56063E-5	4.76841E-7	-9.72133E-7	-1.51341E-9	0.00000E+0	0.00000E+0	1.99770E+0	0.00000E+0
5.99840E+0	-6.24946E-3	1.21499E-3	1.08958E-4	7.15259E-7	-9.72075E-7	-1.45520E-9	0.00000E+0	0.00000E+0	2.00210E+0	0.00000E+0
5.98120E+0	-6.24660E-3	1.21499E-3	1.23263E-4	7.15259E-7	-9.71959E-7	-1.45520E-9	0.00000E+0	0.00000E+0	1.99890E+0	0.00000E+0
5.96410E+0	-6.24374E-3	1.21403E-3	1.38284E-4	7.15259E-7	-9.71842E-7	-1.45520E-9	0.00000E+0	0.00000E+0	1.99830E+0	0.00000E+0
5.94690E+0	-6.23897E-3	1.21403E-3	1.54019E-4	7.15259E-7	-9.71726E-7	-1.39699E-9	0.00000E+0	0.00000E+0	2.00160E+0	0.00000E+0
5.92980E+0	-6.23515E-3	1.21308E-3	1.71662E-4	7.15259E-7	-9.71610E-7	-1.33878E-9	0.00000E+0	0.00000E+0	1.99840E+0	0.00000E+0
5.91260E+0	-6.22943E-3	1.21213E-3	1.90974E-4	7.15259E-7	-9.71493E-7	-1.33878E-9	0.00000E+0	0.00000E+0	1.99980E+0	0.00000E+0
5.89550E+0	-6.22371E-3	1.21117E-3	2.11478E-4	7.15259E-7	-9.71377E-7	-1.28058E-9	0.00000E+0	0.00000E+0	1.99730E+0	0.00000E+0
5.87830E+0	-6.21799E-3	1.21022E-3	2.33651E-4	7.15259E-7	-9.71260E-7	-1.28058E-9	0.00000E+0	0.00000E+0	1.99650E+0	0.00000E+0
5.86110E+0	-6.21131E-3	1.20831E-3	2.57732E-4	7.15259E-7	-9.71086E-7	-1.22237E-9	0.00000E+0	0.00000E+0	2.00140E+0	0.00000E+0
5.84400E+0	-6.20368E-3	1.20736E-3	2.83243E-4	4.76841E-7	-9.70969E-7	-1.22237E-9	0.00000E+0	0.00000E+0	2.00150E+0	0.00000E+0
5.82680E+0	-6.19605E-3	1.20641E-3	3.09946E-4	4.76841E-7	-9.70795E-7	-1.16416E-9	0.00000E+0	0.00000E+0	2.00030E+0	0.00000E+0
5.80970E+0	-6.18842E-3	1.20450E-3	3.36410E-4	4.76841E-7	-9.70678E-7	-1.10595E-9	0.00000E+0	0.00000E+0	1.99850E+0	0.00000E+0
5.79250E+0	-6.17984E-3	1.20354E-3	3.63113E-4	4.76841E-7	-9.70504E-7	-1.04775E-9	0.00000E+0	0.00000E+0	1.99950E+0	0.00000E+0
5.77540E+0	-6.17030E-3	1.20259E-3	3.90531E-4	4.76841E-7	-9.70387E-7	-1.04775E-9	0.00000E+0	0.00000E+0	1.99960E+0	0.00000E+0
5.75820E+0	-6.15886E-3	1.19973E-3	4.20572E-4	4.76841E-7	-9.70213E-7	-9.89537E-10	0.00000E+0	0.00000E+0	1.99810E+0	0.00000E+0
5.74110E+0	-6.14646E-3	1.19782E-3	4.52520E-4	4.76841E-7	-9.70038E-7	-9.31330E-10	0.00000E+0	0.00000E+0	1.99910E+0	0.00000E+0
5.72390E+0	-6.13311E-3	1.19496E-3	4.85899E-4	2.38420E-7	-9.69863E-7	-8.73118E-10	0.00000E+0	0.00000E+0	1.99950E+0	0.00000E+0
5.70680E+0	-6.11785E-3	1.19305E-3	5.19041E-4	2.38420E-7	-9.69747E-7	-8.73118E-10	0.00000E+0	0.00000E+0	2.00090E+0	0.00000E+0
5.68960E+0	-6.10355E-3	1.19019E-3	5.52896E-4	2.38420E-7	-9.69572E-7	-8.14911E-10	0.00000E+0	0.00000E+0	1.99660E+0	0.00000E+0
5.67250E+0	-6.08924E-3	1.18733E-3	5.86275E-4	0.00000E+0	-9.69398E-7	-7.56703E-10	0.00000E+0	0.00000E+0	1.99780E+0	0.00000E+0
5.65530E+0	-6.07207E-3	1.18447E-3	6.19415E-4	0.00000E+0	-9.69223E-7	-6.98495E-10	0.00000E+0	0.00000E+0	2.00040E+0	0.00000E+0
5.63820E+0	-6.05395E-3	1.18161E-3	6.55416E-4	0.00000E+0	-9.69048E-7	-6.40288E-10	0.00000E+0	0.00000E+0	2.00100E+0	0.00000E+0
5.62100E+0	-6.03297E-3	1.17780E-3	6.93087E-4	0.00000E+0	-9.68874E-7	-5.82080E-10	0.00000E+0	0.00000E+0	2.00080E+0	0.00000E+0
5.60380E+0	-6.01199E-3	1.17303E-3	7.31472E-4	-2.38420E-7	-9.68699E-7	-5.82080E-10	0.00000E+0	0.00000E+0	1.99990E+0	0.00000E+0
5.58670E+0	-5.99101E-3	1.16921E-3	7.69619E-4	-4.76841E-7	-9.68525E-7	-5.23873E-10	0.00000E+0	0.00000E+0	1.99950E+0	0.00000E+0
5.56950E+0	-5.97003E-3	1.16540E-3	8.07051E-4	-7.15259E-7	-9.68350E-7	-4.65665E-10	0.00000E+0	0.00000E+0	1.99760E+0	0.00000E+0
5.55240E+0	-5.94714E-3	1.16158E-3	8.45436E-4	-7.15259E-7	-9.68175E-7	-4.07455E-10	0.00000E+0	0.00000E+0	1.99920E+0	0.00000E+0
5.53520E+0	-5.92235E-3	1.15681E-3	8.84298E-4	-9.53682E-7	-9.67942E-7	-3.49248E-10	0.00000E+0	0.00000E+0	1.99990E+0	0.00000E+0
5.51810E+0	-5.89851E-3	1.15205E-3	9.25068E-4	-9.53682E-7	-9.67768E-7	-2.91040E-10	0.00000E+0	0.00000E+0	1.99960E+0	0.00000E+0
5.50090E+0	-5.87276E-3	1.14728E-3	9.64407E-4	-1.19210E-6	-9.67593E-7	-2.91040E-10	0.00000E+0	0.00000E+0	1.99970E+0	0.00000E+0
5.48380E+0	-5.84701E-3	1.14251E-3	1.00280E-3	-1.19210E-6	-9.67360E-7	-1.74624E-10	0.00000E+0	0.00000E+0	1.99890E+0	0.00000E+0
5.46660E+0	-5.82221E-3	1.13774E-3	1.04070E-3	-1.66894E-6	-9.67186E-7	-1.16416E-10	0.00000E+0	0.00000E+0	1.99980E+0	0.00000E+0
5.44950E+0	-5.79455E-3	1.13297E-3	1.07909E-3	-1.66894E-6	-9.67011E-7	-1.16416E-10	0.00000E+0	0.00000E+0	2.00010E+0	0.00000E+0
5.43230E+0	-5.76404E-3	1.12725E-3	1.11891E-3	-2.14578E-6	-9.66837E-7	0.00000E+0	0.00000E+0	0.00000E+0	1.99790E+0	0.00000E+0
5.41520E+0	-5.73257E-3	1.12057E-3	1.16087E-3	-2.38420E-6	-9.66604E-7	5.82081E-11	0.00000E+0	0.00000E+0	1.99960E+0	0.00000E+0
5.39800E+0	-5.69823E-3	1.11485E-3	1.20378E-3	-2.38420E-6	-9.66371E-7	5.82081E-11	0.00000E+0	0.00000E+0	1.99760E+0	0.00000E+0
5.38090E+0	-5.66390E-3	1.10818E-3	1.24741E-3	-2.86104E-6	-9.66196E-7	1.16416E-10	0.00000E+0	0.00000E+0	1.99950E+0	0.00000E+0
5.36370E+0	-5.62766E-3	1.10055E-3	1.29128E-3	-3.09946E-6	-9.65963E-7	2.32832E-10	0.00000E+0	0.00000E+0	1.99920E+0	0.00000E+0
5.34650E+0	-5.58570E-3	1.09387E-3	1.33873E-3	-3.33787E-6	-9.65789E-7	2.91040E-10	0.00000E+0	0.00000E+0	1.99980E+0	0.00000E+0
5.32940E+0	-5.54183E-3	1.08434E-3	1.38975E-3	-3.57629E-6	-9.65556E-7	2.91040E-10	0.00000E+0	0.00000E+0	1.99990E+0	0.00000E+0
5.31220E+0	-5.49415E-3	1.07575E-3	1.44268E-3	-4.05314E-6	-9.65440E-7	3.49248E-10	0.00000E+0	0.00000E+0	2.00090E+0	0.00000E+0
5.29510E+0	-5.44456E-3	1.06526E-3	1.49823E-3	-4.29156E-6	-9.65265E-7	4.65665E-10	0.00000E+0	0.00000E+0	1.99790E+0	0.00000E+0
5.27790E+0	-5.39306E-3	1.05572E-3	1.55426E-3	-4.52998E-6	-9.65090E-7	5.23873E-10	0.00000E+0	0.00000E+0	1.99800E+0	0.00000E+0
5.26080E+0	-5.33774E-3	1.04523E-3	1.61100E-3	-5.00682E-6	-9.64974E-7	5.23873E-10	0.00000E+0	0.00000E+0	1.99980E+0	0.00000E+0
5.24360E+0	-5.27957E-3	1.03379E-3	1.67084E-3	-5.24524E-6	-9.64857E-7	5.82080E-10	0.00000E+0	0.00000E+0	2.00120E+0	0.00000E+0
5.22650E+0	-5.21854E-3	1.02235E-3	1.73283E-3	-5.72208E-6	-9.64799E-7	6.40288E-10	0.00000E+0	0.00000E+0	1.99990E+0	0.00000E+0
5.20930E+0	-5.15655E-3	1.00995E-3	1.79601E-3	-6.19891E-6	-9.64741E-7	6.98495E-10	0.00000E+0	0.00000E+0	2.00020E+0	0.00000E+0
5.19220E+0	-5.08979E-3	9.96597E-4	1.85920E-3	-6.67575E-6	-9.64741E-7	7.56703E-10	0.00000E+0	0.00000E+0	2.00000E+0	0.00000E+0
5.17500E+0	-5.02399E-3	9.84199E-4	1.92357E-3	-6.67575E-6	-9.64799E-7	7.56703E-10	0.00000E+0	0.00000E+0	1.99950E+0	0.00000E+0
5.15790E+0	-4.95532E-3	9.70844E-4	1.98652E-3	-7.39101E-6	-9.64799E-7	8.14911E-10	0.00000E+0	0.00000E+0	1.99870E+0	0.00000E+0
5.14070E+0	-4.88475E-3	9.56539E-4	2.04827E-3	-7.39101E-6	-9.64916E-7	8.14911E-10	0.00000E+0	0.00000E+0	1.99700E+0	0.00000E+0
5.12350E+0	-4.81513E-3	9.43188E-4	2.10787E-3	-7.86787E-6	-9.65090E-7	8.14911E-10	0.00000E+0	0.00000E+0	1.99730E+0	0.00000E+0
5.10640E+0	-4.74456E-3	9.29836E-4	2.16247E-3	-7.86787E-6	-9.65265E-7	8.14911E-10	0.00000E+0	0.00000E+0	1.99940E+0	0.00000E+0
5.08920E+0	-4.67399E-3	9.15531E-4	2.21135E-3	-8.10629E-6	-9.65498E-7	8.73118E-10	0.00000E+0	0.00000E+0	2.00140E+0	0.00000E+0
5.07210E+0	-4.60532E-3	9.02180E-4	2.25355E-3	-8.34471E-6	-9.65731E-7	8.14911E-10	0.00000E+0	0.00000E+0	1.99960E+0	0.00000E+0
5.05490E+0	-4.53857E-3	8.88828E-4	2.28693E-3	-8.10629E-6	-9.65963E-7	8.14911E-10	0.00000E+0	0.00000E+0	1.99860E+0	0.00000E+0
5.03780E+0	-4.47467E-3	8.76430E-4	2.30981E-3	-8.10629E-6	-9.66371E-7	8.14911E-10	0.00000E+0	0.00000E+0	1.99760E+0	0.00000E+0
5.02060E+0	-4.41363E-3	8.64986E-4	2.31983E-3	-7.86787E-6	-9.66662E-7	7.56703E-10	0.00000E+0	0.00000E+0	1.99980E+0	0.00000E+0
5.00350E+0	-4.35928E-3	8.54496E-4	2.31315E-3	-7.39101E-6	-9.67069E-7	6.98495E-10	0.00000E+0	0.00000E+0	1.99910E+0	0.00000E+0
4.98630E+0	-4.31350E-3	8.45913E-4	2.29003E-3	-7.15259E-6	-9.67477E-7	5.82080E-10	0.00000E+0	0.00000E+0	1.99910E+0	0.00000E+0
4.96920E+0	-4.27440E-3	8.37330E-4	2.24997E-3	-6.67575E-6	-9.67826E-7	5.23873E-10	0.00000E+0	0.00000E+0	1.99910E+0	0.00000E+0
4.95200E+0	-4.24197E-3	8.31608E-4	2.19299E-3	-6.19891E-6	-9.68234E-7	4.65665E-10	0.00000E+0	0.00000E+0	1.99880E+0	0.00000E+0
4.93490E+0	-4.21527E-3	8.25886E-4	2.11836E-3	-5.48366E-6	-9.68641E-7	3.49248E-10	0.00000E+0	0.00000E+0	2.00010E+0	0.00000E+0
4.91770E+0	-4.19524E-3	8.23025E-4	2.02753E-3	-4.76840E-6	-9.68990E-7	2.32832E-10	0.00000E+0	0.00000E+0	2.00000E+0	0.00000E+0
4.90060E+0	-4.18094E-3	8.19210E-4	1.92047E-3	-4.29156E-6	-9.69398E-7	1.16416E-10	0.00000E+0	0.00000E+0	1.99870E+0	0.00000E+0
4.88340E+0	-4.17140E-3	8.17303E-4	1.79935E-3	-3.33787E-6	-9.69805E-7	0.00000E+0	0.00000E+0	0.00000E+0	1.99970E+0	0.00000E+0
4.86620E+0	-4.16568E-3	8.16349E-4	1.66584E-3	-2.86104E-6	-9.70213E-7	-1.16416E-10	0.00000E+0	0.00000E+0	1.99880E+0	0.00000E+0
4.84910E+0	-4.16377E-3	8.16349E-4	1.52088E-3	-2.38420E-6	-9.70562E-7	-2.91040E-10	0.00000E+0	0.00000E+0	2.00010E+0	0.00000E+0
4.83190E+0	-4.16377E-3	8.15395E-4	1.36925E-3	-1.90736E-6	-9.70969E-7	-4.07455E-10	0.00000E+0	0.00000E+0	2.00010E+0	0.00000E+0
4.81480E+0	-4.16473E-3	8.15395E-4	1.21523E-3	-1.19210E-6	-9.71260E-7	-5.23873E-10	0.00000E+0	0.00000E+0	1.99690E+0	0.00000E+0
4.79760E+0	-4.16663E-3	8.15395E-4	1.06288E-3	-4.76841E-7	-9.71610E-7	-6.40288E-10	0.00000E+0	0.00000E+0	1.99850E+0	0.00000E+0
4.78050E+0	-4.16949E-3	8.15395E-4	9.14577E-4	2.38420E-7	-9.71959E-7	-8.14911E-10	0.00000E+0	0.00000E+0	1.99840E+0	0.00000E+0
4.76330E+0	-4.17235E-3	8.15395E-4	7.73910E-4	4.76841E-7	-9.72250E-7	-8.73118E-10	0.00000E+0	0.00000E+0	1.99740E+0	0.00000E+0
4.74620E+0	-4.17426E-3	8.15395E-4	6.40873E-4	-2.38420E-7	-9.72541E-7	-1.04775E-9	0.00000E+0	0.00000E+0	1.99990E+0	0.00000E+0
4.72900E+0	-4.17617E-3	8.15395E-4	5.18803E-4	-9.53682E-7	-9.72832E-7	-1.10595E-9	0.00000E+0	0.00000E+0	2.00020E+0	0.00000E+0
4.71190E+0	-4.17808E-3	8.14442E-4	4.09128E-4	-1.43052E-6	-9.73065E-7	-1.22237E-9	0.00000E+0	0.00000E+0	1.99690E+0	0.00000E+0
4.69470E+0	-4.17998E-3	8.14442E-4	3.13761E-4	-1.66894E-6	-9.73298E-7	-1.28058E-9	0.00000E+0	0.00000E+0	2.00040E+0	0.00000E+0
4.67760E+0	-4.18094E-3	8.14442E-4	2.33174E-4	-1.90736E-6	-9.73472E-7	-1.39699E-9	0.00000E+0	0.00000E+0	2.00140E+0	0.00000E+0
4.66040E+0	-4.18189E-3	8.14442E-4	1.67848E-4	-2.38420E-6	-9.73647E-7	-1.45520E-9	0.00000E+0	0.00000E+0	1.99920E+0	0.00000E+0
4.64330E+0	-4.18285E-3	8.13488E-4	1.15633E-4	-2.38420E-6	-9.73763E-7	-1.51341E-9	0.00000E+0	0.00000E+0	1.99760E+0	0.00000E+0
4.62610E+0	-4.18380E-3	8.13488E-4	7.55792E-5	-2.14578E-6	-9.73938E-7	-1.57161E-9	0.00000E+0	0.00000E+0	1.99770E+0	0.00000E+0
4.60890E+0	-4.18380E-3	8.13488E-4	4.62534E-5	-1.66894E-6	-9.74054E-7	-1.57161E-9	0.00000E+0	0.00000E+0	2.00180E+0	0.00000E+0
4.59180E+0	-4.18475E-3	8.12534E-4	2.59877E-5	-1.19210E-6	-9.74171E-7	-1.68803E-9	0.00000E+0	0.00000E+0	1.99840E+0	0.00000E+0
4.57460E+0	-4.18571E-3	8.12534E-4	1.28747E-5	-1.19210E-6	-9.74229E-7	-1.68803E-9	0.00000E+0	0.00000E+0	1.99860E+0	0.00000E+0
4.55750E+0	-4.18571E-3	8.12534E-4	5.48366E-6	-1.19210E-6	-9.74287E-7	-1.74624E-9	0.00000E+0	0.00000E+0	1.99570E+0	0.00000E+0
4.54030E+0	-4.18571E-3	8.12534E-4	1.66894E-6	-9.53682E-7	-9.74345E-7	-1.74624E-9	0.00000E+0	0.00000E+0	1.99810E+0	0.00000E+0
4.52320E+0	-4.18666E-3	8.11581E-4	2.38420E-7	-9.53682E-7	-9.74404E-7	-1.74624E-9	0.00000E+0	0.00000E+0	2.00020E+0	0.00000E+0
4.50600E+0	-4.18666E-3	8.11581E-4	-7.15259E-7	-9.53682E-7	-9.74462E-7	-1.80444E-9	0.00000E+0	0.00000E+0	1.99930E+0	0.00000E+0
4.48890E+0	-4.18666E-3	8.11581E-4	-9.53682E-7	-9.53682E-7	-9.74462E-7	-1.80444E-9	0.00000E+0	0.00000E+0	1.99760E+0	0.00000E+0
4.47170E+0	-4.18666E-3	8.10627E-4	-1.19210E-6	-9.53682E-7	-9.74578E-7	-1.80444E-9	0.00000E+0	0.00000E+0	2.00060E+0	0.00000E+0
4.45460E+0	-4.18761E-3	8.10627E-4	-1.19210E-6	-9.53682E-7	-9.74578E-7	-1.86266E-9	0.00000E+0	0.00000E+0	1.99910E+0	0.00000E+0
4.43740E+0	-4.18761E-3	8.10627E-4	-1.19210E-6	-9.53682E-7	-9.74578E-7	-1.92087E-9	0.00000E+0	0.00000E+0	1.99670E+0	0.00000E+0
4.42030E+0	-4.18761E-3	8.10627E-4	-9.53682E-7	-9.53682E-7	-9.74578E-7	-1.92087E-9	0.00000E+0	0.00000E+0	1.99690E+0	0.00000E+0
4.40310E+0	-4.18761E-3	8.10627E-4	-7.15259E-7	-7.15259E-7	-9.74578E-7	-1.92087E-9	0.00000E+0	0.00000E+0	1.99910E+0	0.00000E+0
4.38600E+0	-4.18666E-3	8.09673E-4	-4.76841E-7	-7.15259E-7	-9.74578E-7	-1.92087E-9	0.00000E+0	0.00000E+0	2.00070E+0	0.00000E+0
4.36880E+0	-4.18666E-3	8.09673E-4	2.38420E-7	-7.15259E-7	-9.74520E-7	-1.97907E-9	0.00000E+0	0.00000E+0	1.99950E+0	0.00000E+0
4.35160E+0	-4.18666E-3	8.09673E-4	1.43052E-6	-7.15259E-7	-9.74462E-7	-1.97907E-9	0.00000E+0	0.00000E+0	1.99870E+0	0.00000E+0
4.33450E+0	-4.18666E-3	8.09673E-4	3.33787E-6	-7.15259E-7	-9.74462E-7	-1.97907E-9	0.00000E+0	0.00000E+0	1.99980E+0	0.00000E+0
4.31730E+0	-4.18571E-3	8.09673E-4	6.43733E-6	-4.76841E-7	-9.74404E-7	-1.97907E-9	0.00000E+0	0.00000E+0	1.99940E+0	0.00000E+0
4.30020E+0	-4.18380E-3	8.09673E-4	1.09673E-5	-4.76841E-7	-9.74345E-7	-1.97907E-9	0.00000E+0	0.00000E+0	1.99770E+0	0.00000E+0
4.28300E+0	-4.18285E-3	8.09673E-4	1.76431E-5	-4.76841E-7	-9.74229E-7	-1.97907E-9	0.00000E+0	0.00000E+0	1.99930E+0	0.00000E+0
4.26590E+0	-4.18189E-3	8.09673E-4	2.67030E-5	-4.76841E-7	-9.74112E-7	-1.92087E-9	0.00000E+0	0.00000E+0	1.99710E+0	0.00000E+0
4.24870E+0	-4.17998E-3	8.09673E-4	3.95777E-5	-2.38420E-7	-9.73938E-7	-1.92087E-9	0.00000E+0	0.00000E+0	1.99680E+0	0.00000E+0
4.23160E+0	-4.17808E-3	8.08720E-4	5.62670E-5	-2.38420E-7	-9.73821E-7	-1.92087E-9	0.00000E+0	0.00000E+0	2.00050E+0	0.00000E+0
4.21440E+0	-4.17522E-3	8.08720E-4	7.79633E-5	0.00000E+0	-9.73647E-7	-1.92087E-9	0.00000E+0	0.00000E+0	1.99870E+0	0.00000E+0
4.19730E+0	-4.17140E-3	8.07766E-4	1.04905E-4	0.00000E+0	-9.73472E-7	-1.86266E-9	0.00000E+0	0.00000E+0	2.00120E+0	0.00000E+0
4.18010E+0	-4.16663E-3	8.06812E-4	1.37330E-4	0.00000E+0	-9.73298E-7	-1.80444E-9	0.00000E+0	0.00000E+0	1.99820E+0	0.00000E+0
4.16300E+0	-4.15996E-3	8.05859E-4	1.75715E-4	2.38420E-7	-9.73065E-7	-1.74624E-9	0.00000E+0	0.00000E+0	2.00030E+0	0.00000E+0
4.14580E+0	-4.15042E-3	8.03951E-4	2.20061E-4	2.38420E-7	-9.72832E-7	-1.74624E-9	0.00000E+0	0.00000E+0	1.99860E+0	0.00000E+0
4.12860E+0	-4.13993E-3	8.02997E-4	2.70130E-4	2.38420E-7	-9.72599E-7	-1.68803E-9	0.00000E+0	0.00000E+0	2.00060E+0	0.00000E+0
4.11150E+0	-4.12753E-3	8.00136E-4	3.25920E-4	4.76841E-7	-9.72308E-7	-1.57161E-9	0.00000E+0	0.00000E+0	1.99950E+0	0.00000E+0
4.09430E+0	-4.11323E-3	7.98229E-4	3.87909E-4	4.76841E-7	-9.72075E-7	-1.51341E-9	0.00000E+0	0.00000E+0	1.99700E+0	0.00000E+0
4.07720E+0	-4.09797E-3	7.94414E-4	4.53236E-4	4.76841E-7	-9.71726E-7	-1.45520E-9	0.00000E+0	0.00000E+0	1.99490E+0	0.00000E+0
4.06000E+0	-4.08080E-3	7.91553E-4	5.20948E-4	4.76841E-7	-9.71435E-7	-1.33878E-9	0.00000E+0	0.00000E+0	1.99970E+0	0.00000E+0
4.04290E+0	-4.06173E-3	7.87739E-4	5.92235E-4	4.76841E-7	-9.71144E-7	-1.28058E-9	0.00000E+0	0.00000E+0	2.00210E+0	0.00000E+0
4.02570E+0	-4.04075E-3	7.83924E-4	6.66145E-4	4.76841E-7	-9.70853E-7	-1.16416E-9	0.00000E+0	0.00000E+0	1.99970E+0	0.00000E+0
4.00860E+0	-4.01691E-3	7.80109E-4	7.42201E-4	2.38420E-7	-9.70562E-7	-1.04775E-9	0.00000E+0	0.00000E+0	1.99960E+0	0.00000E+0
3.99140E+0	-3.99020E-3	7.74387E-4	8.20402E-4	2.38420E-7	-9.70271E-7	-9.89537E-10	0.00000E+0	0.00000E+0	1.99880E+0	0.00000E+0
3.97430E+0	-3.96064E-3	7.69619E-4	8.99557E-4	0.00000E+0	-9.69980E-7	-8.73118E-10	0.00000E+0	0.00000E+0	1.99800E+0	0.00000E+0
3.95710E+0	-3.92821E-3	7.63897E-4	9.79669E-4	0.00000E+0	-9.69747E-7	-8.14911E-10	0.00000E+0	0.00000E+0	1.99870E+0	0.00000E+0
3.94000E+0	-3.89387E-3	7.56267E-4	1.05906E-3	0.00000E+0	-9.69456E-7	-7.56703E-10	0.00000E+0	0.00000E+0	1.99900E+0	0.00000E+0
3.92280E+0	-3.85477E-3	7.49592E-4	1.13893E-3	-2.38420E-7	-9.69223E-7	-6.40288E-10	0.00000E+0	0.00000E+0	1.99750E+0	0.00000E+0
3.90570E+0	-3.81471E-3	7.41009E-4	1.21904E-3	-7.15259E-7	-9.69048E-7	-5.82080E-10	0.00000E+0	0.00000E+0	1.99880E+0	0.00000E+0
3.88850E+0	-3.77084E-3	7.33379E-4	1.29605E-3	-7.15259E-7	-9.68874E-7	-5.23873E-10	0.00000E+0	0.00000E+0	1.99870E+0	0.00000E+0
3.87130E+0	-3.72602E-3	7.24796E-4	1.37187E-3	-9.53682E-7	-9.68757E-7	-4.65665E-10	0.00000E+0	0.00000E+0	1.99800E+0	0.00000E+0
3.85420E+0	-3.67834E-3	7.15259E-4	1.44506E-3	-1.19210E-6	-9.68699E-7	-4.07455E-10	0.00000E+0	0.00000E+0	1.99930E+0	0.00000E+0
3.83700E+0	-3.63065E-3	7.05723E-4	1.51468E-3	-1.43052E-6	-9.68699E-7	-3.49248E-10	0.00000E+0	0.00000E+0	1.99900E+0	0.00000E+0
3.81990E+0	-3.58011E-3	6.97140E-4	1.58120E-3	-1.43052E-6	-9.68699E-7	-3.49248E-10	0.00000E+0	0.00000E+0	1.99880E+0	0.00000E+0
3.80270E+0	-3.52861E-3	6.86649E-4	1.64438E-3	-1.66894E-6	-9.68816E-7	-2.91040E-10	0.00000E+0	0.00000E+0	1.99700E+0	0.00000E+0
3.78560E+0	-3.47807E-3	6.77112E-4	1.70279E-3	-1.66894E-6	-9.68990E-7	-2.91040E-10	0.00000E+0	0.00000E+0	1.99830E+0	0.00000E+0
3.76840E+0	-3.42847E-3	6.67576E-4	1.75453E-3	-1.66894E-6	-9.69223E-7	-3.49248E-10	0.00000E+0	0.00000E+0	1.99930E+0	0.00000E+0
3.75130E+0	-3.37984E-3	6.58039E-4	1.79745E-3	-1.66894E-6	-9.69514E-7	-3.49248E-10	0.00000E+0	0.00000E+0	2.00200E+0	0.00000E+0
3.73410E+0	-3.33406E-3	6.49456E-4	1.82868E-3	-1.43052E-6	-9.69863E-7	-4.07455E-10	0.00000E+0	0.00000E+0	1.99850E+0	0.00000E+0
3.71700E+0	-3.28924E-3	6.40873E-4	1.84704E-3	-1.19210E-6	-9.70271E-7	-4.65665E-10	0.00000E+0	0.00000E+0	1.99800E+0	0.00000E+0
3.69980E+0	-3.24918E-3	6.33243E-4	1.85014E-3	-9.53682E-7	-9.70736E-7	-5.23873E-10	0.00000E+0	0.00000E+0	1.99750E+0	0.00000E+0
3.68270E+0	-3.21390E-3	6.26568E-4	1.83488E-3	-7.15259E-7	-9.71144E-7	-6.40288E-10	0.00000E+0	0.00000E+0	2.00040E+0	0.00000E+0
3.66550E+0	-3.18338E-3	6.20846E-4	1.79888E-3	-2.38420E-7	-9.71668E-7	-7.56703E-10	0.00000E+0	0.00000E+0	1.99700E+0	0.00000E+0
3.64840E+0	-3.16049E-3	6.16077E-4	1.74046E-3	2.38420E-7	-9.72133E-7	-8.73118E-10	0.00000E+0	0.00000E+0	1.99750E+0	0.00000E+0
3.63120E+0	-3.14428E-3	6.13216E-4	1.66107E-3	4.76841E-7	-9.72599E-7	-9.89537E-10	0.00000E+0	0.00000E+0	1.99820E+0	0.00000E+0
3.61400E+0	-3.13474E-3	6.10355E-4	1.55950E-3	9.53682E-7	-9.73007E-7	-1.10595E-9	0.00000E+0	0.00000E+0	1.99980E+0	0.00000E+0
3.59690E+0	-3.12997E-3	6.10355E-4	1.43696E-3	1.19210E-6	-9.73414E-7	-1.28058E-9	0.00000E+0	0.00000E+0	1.99950E+0	0.00000E+0
3.57970E+0	-3.12902E-3	6.09402E-4	1.29677E-3	1.43052E-6	-9.73763E-7	-1.39699E-9	0.00000E+0	0.00000E+0	1.99900E+0	0.00000E+0
3.56260E+0	-3.12997E-3	6.09402E-4	1.14322E-3	1.43052E-6	-9.74171E-7	-1.51341E-9	0.00000E+0	0.00000E+0	1.99920E+0	0.00000E+0
3.54540E+0	-3.13284E-3	6.09402E-4	9.83246E-4	1.43052E-6	-9.74520E-7	-1.68803E-9	0.00000E+0	0.00000E+0	2.00240E+0	0.00000E+0
3.52830E+0	-3.13570E-3	6.09402E-4	8.19687E-4	1.43052E-6	-9.74869E-7	-1.80444E-9	0.00000E+0	0.00000E+0	1.99910E+0	0.00000E+0
3.51110E+0	-3.13856E-3	6.10355E-4	6.57801E-4	9.53682E-7	-9.75160E-7	-1.92087E-9	0.00000E+0	0.00000E+0	1.99960E+0	0.00000E+0
3.49400E+0	-3.14142E-3	6.09402E-4	5.05451E-4	7.15259E-7	-9.75393E-7	-1.97907E-9	0.00000E+0	0.00000E+0	2.00130E+0	0.00000E+0
3.47680E+0	-3.14237E-3	6.10355E-4	3.69551E-4	4.76841E-7	-9.75626E-7	-2.09549E-9	0.00000E+0	0.00000E+0	1.99880E+0	0.00000E+0
3.45970E+0	-3.14333E-3	6.09402E-4	2.52010E-4	2.38420E-7	-9.75859E-7	-2.15370E-9	0.00000E+0	0.00000E+0	1.99710E+0	0.00000E+0
3.44250E+0	-3.14523E-3	6.09402E-4	1.56880E-4	0.00000E+0	-9.75975E-7	-2.21191E-9	0.00000E+0	0.00000E+0	1.99930E+0	0.00000E+0
3.42540E+0	-3.14523E-3	6.08448E-4	8.63080E-5	-2.38420E-7	-9.76033E-7	-2.27011E-9	0.00000E+0	0.00000E+0	2.00130E+0	0.00000E+0
3.40820E+0	-3.14523E-3	6.08448E-4	4.10082E-5	-4.76841E-7	-9.76033E-7	-2.27011E-9	0.00000E+0	0.00000E+0	1.99700E+0	0.00000E+0
3.39100E+0	-3.14523E-3	6.08448E-4	1.64510E-5	-7.15259E-7	-9.76033E-7	-2.27011E-9	0.00000E+0	0.00000E+0	2.00190E+0	0.00000E+0
3.37390E+0	-3.14523E-3	6.08448E-4	5.96049E-6	-7.15259E-7	-9.75975E-7	-2.27011E-9	0.00000E+0	0.00000E+0	2.00020E+0	0.00000E+0
3.35670E+0	-3.14523E-3	6.08448E-4	2.14578E-6	-7.15259E-7	-9.75859E-7	-2.27011E-9	0.00000E+0	0.00000E+0	1.99780E+0	0.00000E+0
3.33960E+0	-3.14523E-3	6.07494E-4	9.53682E-7	-7.15259E-7	-9.75742E-7	-2.27011E-9	0.00000E+0	0.00000E+0	1.99890E+0	0.00000E+0
3.32240E+0	-3.14428E-3	6.07494E-4	1.19210E-6	-7.15259E-7	-9.75626E-7	-2.27011E-9	0.00000E+0	0.00000E+0	1.99520E+0	0.00000E+0
3.30530E+0	-3.14333E-3	6.07494E-4	2.62262E-6	-7.15259E-7	-9.75451E-7	-2.21191E-9	0.00000E+0	0.00000E+0	1.99920E+0	0.00000E+0
3.28810E+0	-3.14142E-3	6.06541E-4	5.96049E-6	-7.15259E-7	-9.75277E-7	-2.21191E-9	0.00000E+0	0.00000E+0	1.99950E+0	0.00000E+0
3.27100E+0	-3.13951E-3	6.06541E-4	1.26362E-5	-7.15259E-7	-9.75044E-7	-2.21191E-9	0.00000E+0	0.00000E+0	1.99920E+0	0.00000E+0
3.25380E+0	-3.13665E-3	6.06541E-4	2.43188E-5	-4.76841E-7	-9.74811E-7	-2.15370E-9	0.00000E+0	0.00000E+0	1.99780E+0	0.00000E+0
3.23670E+0	-3.13284E-3	6.04633E-4	4.24387E-5	-4.76841E-7	-9.74578E-7	-2.15370E-9	0.00000E+0	0.00000E+0	1.99960E+0	0.00000E+0
3.21950E+0	-3.12711E-3	6.03680E-4	7.08108E-5	-4.76841E-7	-9.74229E-7	-2.03728E-9	0.00000E+0	0.00000E+0	1.99900E+0	0.00000E+0
3.20240E+0	-3.11853E-3	6.02726E-4	1.11104E-4	-2.38420E-7	-9.73938E-7	-1.97907E-9	0.00000E+0	0.00000E+0	1.99930E+0	0.00000E+0
3.18520E+0	-3.10613E-3	6.00819E-4	1.64987E-4	0.00000E+0	-9.73647E-7	-1.92087E-9	0.00000E+0	0.00000E+0	1.99950E+0	0.00000E+0
3.16810E+0	-3.09087E-3	5.97958E-4	2.33890E-4	0.00000E+0	-9.73298E-7	-1.80444E-9	0.00000E+0	0.00000E+0	1.99840E+0	0.00000E+0
3.15090E+0	-3.07275E-3	5.94143E-4	3.17099E-4	2.38420E-7	-9.73007E-7	-1.74624E-9	0.00000E+0	0.00000E+0	2.00050E+0	0.00000E+0
3.13370E+0	-3.04987E-3	5.90328E-4	4.13420E-4	4.76841E-7	-9.72657E-7	-1.68803E-9	0.00000E+0	0.00000E+0	1.99950E+0	0.00000E+0
3.11660E+0	-3.02316E-3	5.84606E-4	5.19756E-4	4.76841E-7	-9.72308E-7	-1.51341E-9	0.00000E+0	0.00000E+0	1.99930E+0	0.00000E+0
3.09940E+0	-2.99455E-3	5.79838E-4	6.33005E-4	4.76841E-7	-9.71959E-7	-1.45520E-9	0.00000E+0	0.00000E+0	2.00070E+0	0.00000E+0
3.08230E+0	-2.96117E-3	5.73162E-4	7.50307E-4	7.15259E-7	-9.71726E-7	-1.33878E-9	0.00000E+0	0.00000E+0	1.99650E+0	0.00000E+0
3.06510E+0	-2.92589E-3	5.66486E-4	8.67609E-4	4.76841E-7	-9.71493E-7	-1.22237E-9	0.00000E+0	0.00000E+0	1.99820E+0	0.00000E+0
3.04800E+0	-2.88583E-3	5.58857E-4	9.82054E-4	4.76841E-7	-9.71377E-7	-1.10595E-9	0.00000E+0	0.00000E+0	1.99880E+0	0.00000E+0
3.03080E+0	-2.84292E-3	5.50274E-4	1.09125E-3	4.76841E-7	-9.71319E-7	-1.04775E-9	0.00000E+0	0.00000E+0	1.99590E+0	0.00000E+0
3.01370E+0	-2.79810E-3	5.41691E-4	1.19425E-3	4.76841E-7	-9.71377E-7	-1.04775E-9	0.00000E+0	0.00000E+0	2.00030E+0	0.00000E+0
2.99650E+0	-2.75137E-3	5.33108E-4	1.28628E-3	4.76841E-7	-9.71493E-7	-9.89537E-10	0.00000E+0	0.00000E+0	2.00100E+0	0.00000E+0
2.97940E+0	-2.70464E-3	5.23571E-4	1.36185E-3	4.76841E-7	-9.71784E-7	-1.04775E-9	0.00000E+0	0.00000E+0	1.99860E+0	0.00000E+0
2.96220E+0	-2.65886E-3	5.14988E-4	1.42003E-3	9.53682E-7	-9.72133E-7	-1.10595E-9	0.00000E+0	0.00000E+0	1.99740E+0	0.00000E+0
2.94510E+0	-2.61690E-3	5.06405E-4	1.45770E-3	9.53682E-7	-9.72599E-7	-1.16416E-9	0.00000E+0	0.00000E+0	1.99840E+0	0.00000E+0
2.92810E+0	-2.57970E-3	4.99729E-4	1.47296E-3	1.43052E-6	-9.73065E-7	-1.22237E-9	0.00000E+0	0.00000E+0	2.00150E+0	0.00000E+0
2.91100E+0	-2.54823E-3	4.94007E-4	1.46175E-3	1.43052E-6	-9.73530E-7	-1.33878E-9	0.00000E+0	0.00000E+0	2.00240E+0	0.00000E+0
2.89380E+0	-2.52534E-3	4.90192E-4	1.42074E-3	1.90736E-6	-9.73996E-7	-1.45520E-9	0.00000E+0	0.00000E+0	2.00190E+0	0.00000E+0
2.87670E+0	-2.51199E-3	4.87329E-4	1.34636E-3	2.14578E-6	-9.74462E-7	-1.57161E-9	0.00000E+0	0.00000E+0	2.00240E+0	0.00000E+0
2.85950E+0	-2.50722E-3	4.86376E-4	1.23931E-3	2.38420E-6	-9.74869E-7	-1.74624E-9	0.00000E+0	0.00000E+0	1.99790E+0	0.00000E+0
2.84240E+0	-2.50722E-3	4.86376E-4	1.10436E-3	2.38420E-6	-9.75277E-7	-1.86266E-9	0.00000E+0	0.00000E+0	1.99710E+0	0.00000E+0
2.82520E+0	-2.50913E-3	4.86376E-4	9.46764E-4	2.14578E-6	-9.75626E-7	-1.97907E-9	0.00000E+0	0.00000E+0	2.00060E+0	0.00000E+0
2.80810E+0	-2.51199E-3	4.87329E-4	7.73672E-4	2.14578E-6	-9.75975E-7	-2.15370E-9	0.00000E+0	0.00000E+0	1.99930E+0	0.00000E+0
2.79090E+0	-2.51485E-3	4.87329E-4	5.98434E-4	1.43052E-6	-9.76324E-7	-2.27011E-9	0.00000E+0	0.00000E+0	1.99770E+0	0.00000E+0
2.77380E+0	-2.51772E-3	4.87329E-4	4.28917E-4	9.53682E-7	-9.76557E-7	-2.38653E-9	0.00000E+0	0.00000E+0	1.99860E+0	0.00000E+0
2.75660E+0	-2.51867E-3	4.87329E-4	2.77521E-4	7.15259E-7	-9.76790E-7	-2.44474E-9	0.00000E+0	0.00000E+0	1.99920E+0	0.00000E+0
2.73940E+0	-2.51867E-3	4.86376E-4	1.55211E-4	2.38420E-7	-9.76848E-7	-2.50294E-9	0.00000E+0	0.00000E+0	1.99770E+0	0.00000E+0
2.72230E+0	-2.51867E-3	4.86376E-4	7.22413E-5	0.00000E+0	-9.76848E-7	-2.56115E-9	0.00000E+0	0.00000E+0	1.99740E+0	0.00000E+0
2.70510E+0	-2.51867E-3	4.86376E-4	2.81335E-5	-2.38420E-7	-9.76732E-7	-2.56115E-9	0.00000E+0	0.00000E+0	2.00200E+0	0.00000E+0
2.68800E+0	-2.51867E-3	4.86376E-4	1.09673E-5	-4.76841E-7	-9.76499E-7	-2.50294E-9	0.00000E+0	0.00000E+0	2.00080E+0	0.00000E+0
2.67080E+0	-2.51676E-3	4.85422E-4	7.39101E-6	-4.76841E-7	-9.76266E-7	-2.50294E-9	0.00000E+0	0.00000E+0	1.99880E+0	0.00000E+0
2.65370E+0	-2.51390E-3	4.84468E-4	1.04905E-5	-4.76841E-7	-9.76033E-7	-2.44474E-9	0.00000E+0	0.00000E+0	1.99730E+0	0.00000E+0
2.63650E+0	-2.51009E-3	4.84468E-4	2.02657E-5	-4.76841E-7	-9.75742E-7	-2.44474E-9	0.00000E+0	0.00000E+0	1.99920E+0	0.00000E+0
2.61940E+0	-2.50436E-3	4.82561E-4	4.14851E-5	-2.38420E-7	-9.75393E-7	-2.38653E-9	0.00000E+0	0.00000E+0	1.99910E+0	0.00000E+0
2.60220E+0	-2.49387E-3	4.80654E-4	7.79633E-5	0.00000E+0	-9.75102E-7	-2.27011E-9	0.00000E+0	0.00000E+0	1.99930E+0	0.00000E+0
2.58510E+0	-2.47861E-3	4.77793E-4	1.35423E-4	0.00000E+0	-9.74753E-7	-2.21191E-9	0.00000E+0	0.00000E+0	1.99810E+0	0.00000E+0
2.56790E+0	-2.45668E-3	4.73978E-4	2.16485E-4	2.38420E-7	-9.74404E-7	-2.15370E-9	0.00000E+0	0.00000E+0	1.99740E+0	0.00000E+0
2.55080E+0	-2.42998E-3	4.69210E-4	3.20198E-4	4.76841E-7	-9.74112E-7	-1.97907E-9	0.00000E+0	0.00000E+0	1.99950E+0	0.00000E+0
2.53360E+0	-2.39851E-3	4.62534E-4	4.43460E-4	7.15259E-7	-9.73880E-7	-1.92087E-9	0.00000E+0	0.00000E+0	1.99900E+0	0.00000E+0
2.51650E+0	-2.36227E-3	4.55858E-4	5.79122E-4	9.53682E-7	-9.73647E-7	-1.80444E-9	0.00000E+0	0.00000E+0	1.99980E+0	0.00000E+0
2.49930E+0	-2.32221E-3	4.48229E-4	7.19789E-4	1.19210E-6	-9.73530E-7	-1.68803E-9	0.00000E+0	0.00000E+0	2.00030E+0	0.00000E+0
2.48210E+0	-2.28025E-3	4.40599E-4	8.55926E-4	1.43052E-6	-9.73589E-7	-1.62982E-9	0.00000E+0	0.00000E+0	1.99980E+0	0.00000E+0
2.46500E+0	-2.23733E-3	4.31063E-4	9.76570E-4	1.43052E-6	-9.73763E-7	-1.57161E-9	0.00000E+0	0.00000E+0	1.99870E+0	0.00000E+0
2.44780E+0	-2.19442E-3	4.23433E-4	1.07384E-3	1.66894E-6	-9.74112E-7	-1.62982E-9	0.00000E+0	0.00000E+0	1.99990E+0	0.00000E+0
2.43070E+0	-2.15532E-3	4.15804E-4	1.14036E-3	2.14578E-6	-9.74462E-7	-1.68803E-9	0.00000E+0	0.00000E+0	1.99930E+0	0.00000E+0
2.41350E+0	-2.12289E-3	4.10082E-4	1.16921E-3	2.38420E-6	-9.74869E-7	-1.74624E-9	0.00000E+0	0.00000E+0	1.99810E+0	0.00000E+0
2.39640E+0	-2.10191E-3	4.07221E-4	1.15491E-3	2.62262E-6	-9.75277E-7	-1.80444E-9	0.00000E+0	0.00000E+0	2.00080E+0	0.00000E+0
2.37920E+0	-2.09238E-3	4.04360E-4	1.09268E-3	2.62262E-6	-9.75626E-7	-1.97907E-9	0.00000E+0	0.00000E+0	1.99920E+0	0.00000E+0
2.36210E+0	-2.09142E-3	4.04360E-4	9.84915E-4	2.62262E-6	-9.75975E-7	-2.09549E-9	0.00000E+0	0.00000E+0	1.99750E+0	0.00000E+0
2.34490E+0	-2.09428E-3	4.04360E-4	8.39237E-4	2.62262E-6	-9.76324E-7	-2.21191E-9	0.00000E+0	0.00000E+0	1.99860E+0	0.00000E+0
2.32780E+0	-2.09810E-3	4.06267E-4	6.67814E-4	2.14578E-6	-9.76674E-7	-2.38653E-9	0.00000E+0	0.00000E+0	1.99770E+0	0.00000E+0
2.31060E+0	-2.10001E-3	4.06267E-4	4.84707E-4	1.43052E-6	-9.76965E-7	-2.50294E-9	0.00000E+0	0.00000E+0	2.00050E+0	0.00000E+0
2.29350E+0	-2.10191E-3	4.06267E-4	3.06608E-4	9.53682E-7	-9.77139E-7	-2.61936E-9	0.00000E+0	0.00000E+0	1.99700E+0	0.00000E+0
2.27630E+0	-2.10096E-3	4.05313E-4	1.59980E-4	2.38420E-7	-9.77139E-7	-2.61936E-9	0.00000E+0	0.00000E+0	1.99920E+0	0.00000E+0
2.25910E+0	-2.10001E-3	4.05313E-4	6.72345E-5	0.00000E+0	-9.76965E-7	-2.61936E-9	0.00000E+0	0.00000E+0	2.00180E+0	0.00000E+0
2.24200E+0	-2.09810E-3	4.04360E-4	2.71798E-5	-2.38420E-7	-9.76674E-7	-2.61936E-9	0.00000E+0	0.00000E+0	1.99830E+0	0.00000E+0
2.22480E+0	-2.09428E-3	4.03406E-4	2.07425E-5	-2.38420E-7	-9.76383E-7	-2.56115E-9	0.00000E+0	0.00000E+0	1.99870E+0	0.00000E+0
2.20770E+0	-2.08665E-3	4.02452E-4	3.40941E-5	-2.38420E-7	-9.76033E-7	-2.50294E-9	0.00000E+0	0.00000E+0	2.00000E+0	0.00000E+0
2.19050E+0	-2.07426E-3	3.99591E-4	6.91419E-5	0.00000E+0	-9.75742E-7	-2.44474E-9	0.00000E+0	0.00000E+0	2.00040E+0	0.00000E+0
2.17340E+0	-2.05423E-3	3.95777E-4	1.32323E-4	0.00000E+0	-9.75451E-7	-2.32832E-9	0.00000E+0	0.00000E+0	1.99620E+0	0.00000E+0
2.15620E+0	-2.02657E-3	3.90055E-4	2.27929E-4	2.38420E-7	-9.75218E-7	-2.27011E-9	0.00000E+0	0.00000E+0	1.99860E+0	0.00000E+0
2.13910E+0	-1.99319E-3	3.84333E-4	3.52623E-4	7.15259E-7	-9.75102E-7	-2.15370E-9	0.00000E+0	0.00000E+0	2.00050E+0	0.00000E+0
2.12190E+0	-1.95409E-3	3.75750E-4	4.97106E-4	9.53682E-7	-9.75102E-7	-2.03728E-9	0.00000E+0	0.00000E+0	1.99950E+0	0.00000E+0
2.10480E+0	-1.91212E-3	3.68120E-4	6.45164E-4	1.43052E-6	-9.75160E-7	-2.03728E-9	0.00000E+0	0.00000E+0	1.99770E+0	0.00000E+0
2.08760E+0	-1.87016E-3	3.60491E-4	7.80109E-4	1.90736E-6	-9.75393E-7	-2.03728E-9	0.00000E+0	0.00000E+0	1.99900E+0	0.00000E+0
2.07050E+0	-1.83297E-3	3.53815E-4	8.83583E-4	2.14578E-6	-9.75742E-7	-2.03728E-9	0.00000E+0	0.00000E+0	1.99990E+0	0.00000E+0
2.05330E+0	-1.80817E-3	3.48093E-4	9.35558E-4	2.62262E-6	-9.76033E-7	-2.09549E-9	0.00000E+0	0.00000E+0	2.00060E+0	0.00000E+0
2.03620E+0	-1.79673E-3	3.47139E-4	9.25068E-4	2.62262E-6	-9.76324E-7	-2.21191E-9	0.00000E+0	0.00000E+0	1.99920E+0	0.00000E+0
2.01900E+0	-1.79673E-3	3.47139E-4	8.49489E-4	2.62262E-6	-9.76557E-7	-2.27011E-9	0.00000E+0	0.00000E+0	1.99990E+0	0.00000E+0
2.00180E+0	-1.79959E-3	3.47139E-4	7.18120E-4	2.38420E-6	-9.76906E-7	-2.44474E-9	0.00000E+0	0.00000E+0	2.00000E+0	0.00000E+0
1.98470E+0	-1.80245E-3	3.48093E-4	5.46698E-4	1.90736E-6	-9.77139E-7	-2.50294E-9	0.00000E+0	0.00000E+0	1.99980E+0	0.00000E+0
1.96750E+0	-1.80341E-3	3.48093E-4	3.57630E-4	1.19210E-6	-9.77256E-7	-2.61936E-9	0.00000E+0	0.00000E+0	1.99960E+0	0.00000E+0
1.95040E+0	-1.80150E-3	3.47139E-4	1.89305E-4	4.76841E-7	-9.77197E-7	-2.67757E-9	0.00000E+0	0.00000E+0	1.99820E+0	0.00000E+0
1.93320E+0	-1.79864E-3	3.47139E-4	8.10628E-5	0.00000E+0	-9.76965E-7	-2.67757E-9	0.00000E+0	0.00000E+0	2.00010E+0	0.00000E+0
1.91610E+0	-1.79387E-3	3.45232E-4	4.24387E-5	-2.38420E-7	-9.76615E-7	-2.61936E-9	0.00000E+0	0.00000E+0	1.99700E+0	0.00000E+0
1.89890E+0	-1.78242E-3	3.43325E-4	5.34060E-5	-2.38420E-7	-9.76324E-7	-2.50294E-9	0.00000E+0	0.00000E+0	1.99740E+0	0.00000E+0
1.88180E+0	-1.76240E-3	3.39510E-4	1.03951E-4	0.00000E+0	-9.76092E-7	-2.44474E-9	0.00000E+0	0.00000E+0	1.99970E+0	0.00000E+0
1.86460E+0	-1.73379E-3	3.33788E-4	1.96219E-4	2.38420E-7	-9.75975E-7	-2.38653E-9	0.00000E+0	0.00000E+0	2.00020E+0	0.00000E+0
1.84750E+0	-1.69659E-3	3.26158E-4	3.25682E-4	7.15259E-7	-9.76033E-7	-2.32832E-9	0.00000E+0	0.00000E+0	1.99970E+0	0.00000E+0
1.83030E+0	-1.65463E-3	3.18529E-4	4.77077E-4	1.19210E-6	-9.76208E-7	-2.27011E-9	0.00000E+0	0.00000E+0	1.99950E+0	0.00000E+0
1.81320E+0	-1.61362E-3	3.09946E-4	6.23945E-4	1.90736E-6	-9.76441E-7	-2.27011E-9	0.00000E+0	0.00000E+0	1.99880E+0	0.00000E+0
1.79600E+0	-1.58597E-3	3.05178E-4	7.30757E-4	2.14578E-6	-9.76615E-7	-2.27011E-9	0.00000E+0	0.00000E+0	1.99880E+0	0.00000E+0
1.77890E+0	-1.57548E-3	3.03270E-4	7.67473E-4	2.62262E-6	-9.76790E-7	-2.38653E-9	0.00000E+0	0.00000E+0	1.99770E+0	0.00000E+0
1.76170E+0	-1.57643E-3	3.04224E-4	7.20743E-4	2.62262E-6	-9.76965E-7	-2.44474E-9	0.00000E+0	0.00000E+0	1.99880E+0	0.00000E+0
1.74450E+0	-1.57834E-3	3.04224E-4	5.99626E-4	2.14578E-6	-9.77197E-7	-2.56115E-9	0.00000E+0	0.00000E+0	2.00200E+0	0.00000E+0
1.72740E+0	-1.57929E-3	3.04224E-4	4.24625E-4	1.43052E-6	-9.77314E-7	-2.67757E-9	0.00000E+0	0.00000E+0	1.99950E+0	0.00000E+0
1.71020E+0	-1.57738E-3	3.03270E-4	2.40327E-4	7.15259E-7	-9.77256E-7	-2.67757E-9	0.00000E+0	0.00000E+0	1.99940E+0	0.00000E+0
1.69310E+0	-1.57262E-3	3.03270E-4	1.10150E-4	0.00000E+0	-9.77023E-7	-2.67757E-9	0.00000E+0	0.00000E+0	1.99860E+0	0.00000E+0
1.67590E+0	-1.56117E-3	3.00409E-4	7.00955E-5	0.00000E+0	-9.76732E-7	-2.61936E-9	0.00000E+0	0.00000E+0	1.99710E+0	0.00000E+0
1.65880E+0	-1.53924E-3	2.96595E-4	1.05620E-4	0.00000E+0	-9.76615E-7	-2.50294E-9	0.00000E+0	0.00000E+0	1.99970E+0	0.00000E+0
1.64160E+0	-1.50586E-3	2.89919E-4	2.00511E-4	4.76841E-7	-9.76674E-7	-2.50294E-9	0.00000E+0	0.00000E+0	2.00230E+0	0.00000E+0
1.62450E+0	-1.46485E-3	2.81336E-4	3.40225E-4	9.53682E-7	-9.76790E-7	-2.44474E-9	0.00000E+0	0.00000E+0	1.99870E+0	0.00000E+0
1.60730E+0	-1.42766E-3	2.73706E-4	4.92100E-4	1.43052E-6	-9.76965E-7	-2.44474E-9	0.00000E+0	0.00000E+0	2.00010E+0	0.00000E+0
1.59020E+0	-1.40763E-3	2.70845E-4	6.07733E-4	2.14578E-6	-9.77023E-7	-2.44474E-9	0.00000E+0	0.00000E+0	1.99880E+0	0.00000E+0
1.57300E+0	-1.40477E-3	2.69892E-4	6.41588E-4	2.14578E-6	-9.77139E-7	-2.50294E-9	0.00000E+0	0.00000E+0	1.99740E+0	0.00000E+0
1.55590E+0	-1.40572E-3	2.70845E-4	5.76738E-4	2.14578E-6	-9.77256E-7	-2.61936E-9	0.00000E+0	0.00000E+0	2.00030E+0	0.00000E+0
1.53870E+0	-1.40477E-3	2.69892E-4	4.28440E-4	1.43052E-6	-9.77372E-7	-2.67757E-9	0.00000E+0	0.00000E+0	2.00020E+0	0.00000E+0
1.52150E+0	-1.40096E-3	2.69892E-4	2.47480E-4	7.15259E-7	-9.77256E-7	-2.67757E-9	0.00000E+0	0.00000E+0	2.00090E+0	0.00000E+0
1.50440E+0	-1.39142E-3	2.67984E-4	1.24455E-4	2.38420E-7	-9.77139E-7	-2.67757E-9	0.00000E+0	0.00000E+0	1.99990E+0	0.00000E+0
1.48720E+0	-1.36948E-3	2.63216E-4	1.11342E-4	0.00000E+0	-9.77023E-7	-2.61936E-9	0.00000E+0	0.00000E+0	1.99620E+0	0.00000E+0
1.47010E+0	-1.33515E-3	2.56540E-4	1.92643E-4	4.76841E-7	-9.77139E-7	-2.61936E-9	0.00000E+0	0.00000E+0	2.00020E+0	0.00000E+0
1.45290E+0	-1.29700E-3	2.48911E-4	3.30450E-4	9.53682E-7	-9.77256E-7	-2.56115E-9	0.00000E+0	0.00000E+0	2.00000E+0	0.00000E+0
1.43580E+0	-1.27316E-3	2.45096E-4	4.70640E-4	1.43052E-6	-9.77256E-7	-2.50294E-9	0.00000E+0	0.00000E+0	2.00000E+0	0.00000E+0
1.41860E+0	-1.26744E-3	2.44142E-4	5.47890E-4	2.14578E-6	-9.77314E-7	-2.56115E-9	0.00000E+0	0.00000E+0	1.99890E+0	0.00000E+0
1.40150E+0	-1.26744E-3	2.44142E-4	5.21187E-4	1.90736E-6	-9.77372E-7	-2.61936E-9	0.00000E+0	0.00000E+0	2.00070E+0	0.00000E+0
1.38430E+0	-1.26458E-3	2.43188E-4	3.93393E-4	1.43052E-6	-9.77430E-7	-2.67757E-9	0.00000E+0	0.00000E+0	1.99640E+0	0.00000E+0
1.36720E+0	-1.25600E-3	2.41281E-4	2.27929E-4	7.15259E-7	-9.77372E-7	-2.73577E-9	0.00000E+0	0.00000E+0	1.99940E+0	0.00000E+0
1.35000E+0	-1.23597E-3	2.37466E-4	1.41860E-4	2.38420E-7	-9.77372E-7	-2.67757E-9	0.00000E+0	0.00000E+0	1.99580E+0	0.00000E+0
1.33290E+0	-1.20354E-3	2.30790E-4	1.84298E-4	4.76841E-7	-9.77430E-7	-2.67757E-9	0.00000E+0	0.00000E+0	1.99770E+0	0.00000E+0
1.31570E+0	-1.17112E-3	2.25068E-4	3.10661E-4	9.53682E-7	-9.77489E-7	-2.61936E-9	0.00000E+0	0.00000E+0	1.99880E+0	0.00000E+0
1.29860E+0	-1.15681E-3	2.22207E-4	4.39169E-4	1.43052E-6	-9.77430E-7	-2.61936E-9	0.00000E+0	0.00000E+0	2.00020E+0	0.00000E+0
1.28140E+0	-1.15395E-3	2.22207E-4	4.85422E-4	1.66894E-6	-9.77430E-7	-2.61936E-9	0.00000E+0	0.00000E+0	1.99920E+0	0.00000E+0
1.26420E+0	-1.15014E-3	2.21253E-4	4.12943E-4	1.43052E-6	-9.77489E-7	-2.67757E-9	0.00000E+0	0.00000E+0	2.00070E+0	0.00000E+0
1.24710E+0	-1.13869E-3	2.18392E-4	2.63931E-4	9.53682E-7	-9.77547E-7	-2.73577E-9	0.00000E+0	0.00000E+0	1.99950E+0	0.00000E+0
1.22990E+0	-1.11485E-3	2.14578E-4	1.77623E-4	4.76841E-7	-9.77663E-7	-2.73577E-9	0.00000E+0	0.00000E+0	1.99940E+0	0.00000E+0
1.21280E+0	-1.08338E-3	2.07902E-4	2.30552E-4	7.15259E-7	-9.77605E-7	-2.67757E-9	0.00000E+0	0.00000E+0	1.99690E+0	0.00000E+0
1.19560E+0	-1.06431E-3	2.05041E-4	3.54769E-4	1.19210E-6	-9.77547E-7	-2.61936E-9	0.00000E+0	0.00000E+0	2.00020E+0	0.00000E+0
1.17850E+0	-1.05954E-3	2.03134E-4	4.35354E-4	1.43052E-6	-9.77489E-7	-2.67757E-9	0.00000E+0	0.00000E+0	1.99870E+0	0.00000E+0
1.16130E+0	-1.05286E-3	2.02180E-4	3.99591E-4	1.43052E-6	-9.77547E-7	-2.73577E-9	0.00000E+0	0.00000E+0	1.99690E+0	0.00000E+0
1.14420E+0	-1.03856E-3	1.99319E-4	2.74183E-4	9.53682E-7	-9.77663E-7	-2.73577E-9	0.00000E+0	0.00000E+0	1.99990E+0	0.00000E+0
1.12700E+0	-1.01090E-3	1.94550E-4	2.11955E-4	7.15259E-7	-9.77780E-7	-2.73577E-9	0.00000E+0	0.00000E+0	1.99880E+0	0.00000E+0
1.10990E+0	-9.88014E-4	1.89782E-4	2.85866E-4	9.53682E-7	-9.77605E-7	-2.67757E-9	0.00000E+0	0.00000E+0	1.99930E+0	0.00000E+0
1.09270E+0	-9.79431E-4	1.87875E-4	3.85763E-4	1.43052E-6	-9.77547E-7	-2.67757E-9	0.00000E+0	0.00000E+0	1.99930E+0	0.00000E+0
1.07560E+0	-9.71798E-4	1.86921E-4	3.91247E-4	1.43052E-6	-9.77663E-7	-2.73577E-9	0.00000E+0	0.00000E+0	1.99830E+0	0.00000E+0
1.05840E+0	-9.54632E-4	1.83106E-4	2.90873E-4	9.53682E-7	-9.77838E-7	-2.73577E-9	0.00000E+0	0.00000E+0	1.99620E+0	0.00000E+0
1.04130E+0	-9.28883E-4	1.78338E-4	2.43903E-4	7.15259E-7	-9.77780E-7	-2.73577E-9	0.00000E+0	0.00000E+0	2.00120E+0	0.00000E+0
1.02410E+0	-9.12670E-4	1.75477E-4	3.19721E-4	1.19210E-6	-9.77605E-7	-2.67757E-9	0.00000E+0	0.00000E+0	2.00270E+0	0.00000E+0
1.00690E+0	-9.04087E-4	1.73570E-4	3.81948E-4	1.43052E-6	-9.77663E-7	-2.73577E-9	0.00000E+0	0.00000E+0	1.99700E+0	0.00000E+0
9.89800E-1	-8.88828E-4	1.70709E-4	3.29496E-4	1.19210E-6	-9.77838E-7	-2.73577E-9	0.00000E+0	0.00000E+0	1.99710E+0	0.00000E+0
9.72600E-1	-8.65940E-4	1.65940E-4	2.66554E-4	9.53682E-7	-9.77780E-7	-2.73577E-9	0.00000E+0	0.00000E+0	1.99940E+0	0.00000E+0
9.55500E-1	-8.51635E-4	1.63079E-4	3.18768E-4	1.19210E-6	-9.77663E-7	-2.67757E-9	0.00000E+0	0.00000E+0	2.00210E+0	0.00000E+0
9.38300E-1	-8.40191E-4	1.61172E-4	3.66451E-4	1.43052E-6	-9.77780E-7	-2.73577E-9	0.00000E+0	0.00000E+0	1.99900E+0	0.00000E+0
9.21200E-1	-8.21117E-4	1.57357E-4	3.13284E-4	9.53682E-7	-9.77838E-7	-2.73577E-9	0.00000E+0	0.00000E+0	1.99610E+0	0.00000E+0
9.04000E-1	-8.02997E-4	1.54496E-4	2.93257E-4	9.53682E-7	-9.77780E-7	-2.73577E-9	0.00000E+0	0.00000E+0	1.99890E+0	0.00000E+0
8.86900E-1	-7.91553E-4	1.51635E-4	3.49285E-4	1.43052E-6	-9.77838E-7	-2.73577E-9	0.00000E+0	0.00000E+0	2.00000E+0	0.00000E+0
8.69700E-1	-7.73434E-4	1.47820E-4	3.35218E-4	1.19210E-6	-9.77896E-7	-2.73577E-9	0.00000E+0	0.00000E+0	1.99970E+0	0.00000E+0
8.52600E-1	-7.55314E-4	1.44959E-4	3.03270E-4	9.53682E-7	-9.77780E-7	-2.73577E-9	0.00000E+0	0.00000E+0	1.99800E+0	0.00000E+0
8.35400E-1	-7.41962E-4	1.42098E-4	3.44517E-4	1.43052E-6	-9.77838E-7	-2.73577E-9	0.00000E+0	0.00000E+0	2.00050E+0	0.00000E+0
8.18300E-1	-7.24796E-4	1.39237E-4	3.32596E-4	1.19210E-6	-9.77896E-7	-2.73577E-9	0.00000E+0	0.00000E+0	1.99880E+0	0.00000E+0
8.01100E-1	-7.09537E-4	1.36376E-4	3.19244E-4	1.19210E-6	-9.77838E-7	-2.73577E-9	0.00000E+0	0.00000E+0	1.99970E+0	0.00000E+0
7.83900E-1	-6.93325E-4	1.32562E-4	3.47139E-4	1.43052E-6	-9.77896E-7	-2.73577E-9	0.00000E+0	0.00000E+0	2.00060E+0	0.00000E+0
7.66800E-1	-6.76159E-4	1.29701E-4	3.24251E-4	1.19210E-6	-9.77838E-7	-2.73577E-9	0.00000E+0	0.00000E+0	2.00050E+0	0.00000E+0
7.49600E-1	-6.61854E-4	1.26840E-4	3.40940E-4	1.43052E-6	-9.77896E-7	-2.73577E-9	0.00000E+0	0.00000E+0	1.99790E+0	0.00000E+0
7.32500E-1	-6.44688E-4	1.23979E-4	3.34742E-4	1.43052E-6	-9.77896E-7	-2.73577E-9	0.00000E+0	0.00000E+0	2.00140E+0	0.00000E+0
7.15300E-1	-6.29429E-4	1.21117E-4	3.38795E-4	1.43052E-6	-9.77896E-7	-2.73577E-9	0.00000E+0	0.00000E+0	1.99800E+0	0.00000E+0
6.98200E-1	-6.13216E-4	1.17302E-4	3.38795E-4	1.43052E-6	-9.77896E-7	-2.73577E-9	0.00000E+0	0.00000E+0	2.00070E+0	0.00000E+0
6.81000E-1	-5.97004E-4	1.14441E-4	3.41417E-4	1.43052E-6	-9.77954E-7	-2.73577E-9	0.00000E+0	0.00000E+0	2.00030E+0	0.00000E+0
6.63900E-1	-5.80791E-4	1.10627E-4	3.39272E-4	1.43052E-6	-9.77954E-7	-2.73577E-9	0.00000E+0	0.00000E+0	1.99940E+0	0.00000E+0
6.46700E-1	-5.65533E-4	1.07766E-4	3.44755E-4	1.43052E-6	-9.77954E-7	-2.73577E-9	0.00000E+0	0.00000E+0	1.99890E+0	0.00000E+0
6.29600E-1	-5.49320E-4	1.04905E-4	3.41179E-4	1.43052E-6	-9.78012E-7	-2.79398E-9	0.00000E+0	0.00000E+0	1.99990E+0	0.00000E+0
6.12400E-1	-5.33108E-4	1.02044E-4	3.44040E-4	1.43052E-6	-9.78012E-7	-2.79398E-9	0.00000E+0	0.00000E+0	2.00000E+0	0.00000E+0
5.95300E-1	-5.16895E-4	9.91826E-5	3.45232E-4	1.43052E-6	-9.78012E-7	-2.79398E-9	0.00000E+0	0.00000E+0	2.00010E+0	0.00000E+0
5.78100E-1	-5.00683E-4	9.53679E-5	3.44278E-4	1.43052E-6	-9.78012E-7	-2.79398E-9	0.00000E+0	0.00000E+0	1.99730E+0	0.00000E+0
5.61000E-1	-4.85422E-4	9.25069E-5	3.44755E-4	1.43052E-6	-9.78012E-7	-2.79398E-9	0.00000E+0	0.00000E+0	2.00090E+0	0.00000E+0
5.43800E-1	-4.69210E-4	8.96459E-5	3.45470E-4	1.43052E-6	-9.78071E-7	-2.79398E-9	0.00000E+0	0.00000E+0	2.00260E+0	0.00000E+0
5.26600E-1	-4.52043E-4	8.58312E-5	3.45947E-4	1.43052E-6	-9.78071E-7	-2.79398E-9	0.00000E+0	0.00000E+0	1.99980E+0	0.00000E+0
5.09500E-1	-4.36785E-4	8.39238E-5	3.45947E-4	1.43052E-6	-9.78071E-7	-2.79398E-9	0.00000E+0	0.00000E+0	1.99900E+0	0.00000E+0
4.92300E-1	-4.20572E-4	8.01091E-5	3.45947E-4	1.43052E-6	-9.78071E-7	-2.79398E-9	0.00000E+0	0.00000E+0	1.99880E+0	0.00000E+0
4.75200E-1	-4.04360E-4	7.72481E-5	3.46186E-4	1.43052E-6	-9.78129E-7	-2.79398E-9	0.00000E+0	0.00000E+0	1.99890E+0	0.00000E+0
4.58000E-1	-3.88147E-4	7.43871E-5	3.46186E-4	1.43052E-6	-9.78129E-7	-2.85219E-9	0.00000E+0	0.00000E+0	1.99850E+0	0.00000E+0
4.40900E-1	-3.72889E-4	7.05724E-5	3.46186E-4	1.43052E-6	-9.78129E-7	-2.85219E-9	0.00000E+0	0.00000E+0	1.99940E+0	0.00000E+0
4.23700E-1	-3.56676E-4	6.77113E-5	3.46186E-4	1.43052E-6	-9.78129E-7	-2.85219E-9	0.00000E+0	0.00000E+0	1.99990E+0	0.00000E+0
4.06600E-1	-3.40464E-4	6.48503E-5	3.46186E-4	1.43052E-6	-9.78187E-7	-2.85219E-9	0.00000E+0	0.00000E+0	1.99990E+0	0.00000E+0
3.89400E-1	-3.24251E-4	6.19893E-5	3.45947E-4	1.43052E-6	-9.78187E-7	-2.85219E-9	0.00000E+0	0.00000E+0	1.99850E+0	0.00000E+0
3.72300E-1	-3.08039E-4	5.91280E-5	3.45947E-4	1.43052E-6	-9.78245E-7	-2.85219E-9	0.00000E+0	0.00000E+0	2.00020E+0	0.00000E+0
3.55100E-1	-2.92780E-4	5.53133E-5	3.45947E-4	1.43052E-6	-9.78245E-7	-2.85219E-9	0.00000E+0	0.00000E+0	1.99930E+0	0.00000E+0
3.38000E-1	-2.76567E-4	5.24523E-5	3.45709E-4	1.43052E-6	-9.78245E-7	-2.85219E-9	0.00000E+0	0.00000E+0	1.99920E+0	0.00000E+0
3.20800E-1	-2.60355E-4	4.95913E-5	3.45470E-4	1.43052E-6	-9.78245E-7	-2.85219E-9	0.00000E+0	0.00000E+0	1.99770E+0	0.00000E+0
3.03700E-1	-2.44142E-4	4.57766E-5	3.45232E-4	1.43052E-6	-9.78245E-7	-2.85219E-9	0.00000E+0	0.00000E+0	1.99820E+0	0.00000E+0
2.86500E-1	-2.28883E-4	4.38693E-5	3.44994E-4	1.43052E-6	-9.78303E-7	-2.85219E-9	0.00000E+0	0.00000E+0	2.00020E+0	0.00000E+0
2.69300E-1	-2.12670E-4	4.00546E-5	3.44755E-4	1.43052E-6	-9.78303E-7	-2.85219E-9	0.00000E+0	0.00000E+0	1.99870E+0	0.00000E+0
2.52200E-1	-1.96458E-4	3.71935E-5	3.44755E-4	1.43052E-6	-9.78303E-7	-2.85219E-9	0.00000E+0	0.00000E+0	1.99660E+0	0.00000E+0
2.35000E-1	-1.80245E-4	3.43325E-5	3.44517E-4	1.43052E-6	-9.78303E-7	-2.85219E-9	0.00000E+0	0.00000E+0	2.00280E+0	0.00000E+0
2.17900E-1	-1.64033E-4	3.05178E-5	3.44278E-4	1.43052E-6	-9.78303E-7	-2.85219E-9	0.00000E+0	0.00000E+0	2.00130E+0	0.00000E+0
2.00700E-1	-1.48774E-4	2.86103E-5	3.44040E-4	1.43052E-6	-9.78362E-7	-2.85219E-9	0.00000E+0	0.00000E+0	2.00030E+0	0.00000E+0
1.83600E-1	-1.32562E-4	2.47956E-5	3.43801E-4	1.43052E-6	-9.78362E-7	-2.85219E-9	0.00000E+0	0.00000E+0	1.99920E+0	0.00000E+0
1.66400E-1	-1.16349E-4	2.19346E-5	3.43563E-4	1.43052E-6	-9.78362E-7	-2.85219E-9	0.00000E+0	0.00000E+0	1.99790E+0	0.00000E+0
1.49300E-1	-1.00136E-4	1.90736E-5	3.43325E-4	1.43052E-6	-9.78362E-7	-2.91040E-9	0.00000E+0	0.00000E+0	2.00000E+0	0.00000E+0
1.32100E-1	-8.48775E-5	1.52589E-5	3.43086E-4	1.43052E-6	-9.78362E-7	-2.85219E-9	0.00000E+0	0.00000E+0	2.00040E+0	0.00000E+0
1.15000E-1	-6.86650E-5	1.23978E-5	3.42848E-4	1.43052E-6	-9.78362E-7	-2.85219E-9	0.00000E+0	0.00000E+0	1.99940E+0	0.00000E+0
9.78000E-2	-5.24523E-5	9.53680E-6	3.42609E-4	1.43052E-6	-9.78362E-7	-2.91040E-9	0.00000E+0	0.00000E+0	2.00000E+0	0.00000E+0
8.07000E-2	-3.62399E-5	5.72208E-6	3.42371E-4	1.43052E-6	-9.78420E-7	-2.85219E-9	0.00000E+0	0.00000E+0	2.00240E+0	0.00000E+0
6.35000E-2	-2.00273E-5	2.86104E-6	3.42133E-4	1.43052E-6	-9.78420E-7	-2.91040E-9	0.00000E+0	0.00000E+0	1.99990E+0	1.13010E+0
4.64000E-2	-4.76840E-6	0.00000E+0	3.42133E-4	1.43052E-6	-9.78420E-7	-2.85219E-9	0.00000E+0	0.00000E+0	1.99970E+0	1.12160E+0
2.92000E-2	1.23978E-5	-2.86104E-6	3.41656E-4	1.66894E-6	-9.78362E-7	-2.85219E-9	0.00000E+0	0.00000E+0	1.99990E+0	1.12500E+0
1.20000E-2	2.86103E-5	-5.72208E-6	3.41417E-4	1.43052E-6	-9.78362E-7	-2.85219E-9	0.00000E+0	0.00000E+0	1.99930E+0	1.09360E+0
-5.10000E-3	4.38693E-5	-9.53680E-6	3.40940E-4	1.43052E-6	-9.78362E-7	-2.85219E-9	0.00000E+0	0.00000E+0	2.00090E+0	1.03440E+0
-2.23000E-2	6.00817E-5	-1.23978E-5	3.40702E-4	1.43052E-6	-9.78362E-7	-2.85219E-9	0.00000E+0	0.00000E+0	2.00020E+0	0.00000E+0
-3.94000E-2	7.62944E-5	-1.62126E-5	3.40464E-4	1.43052E-6	-9.78362E-7	-2.85219E-9	0.00000E+0	0.00000E+0	1.99910E+0	0.00000E+0
-5.66000E-2	9.15532E-5	-1.81199E-5	3.39987E-4	1.43052E-6	-9.78362E-7	-2.85219E-9	0.00000E+0	0.00000E+0	2.00050E+0	0.00000E+0
-7.37000E-2	9.44142E-5	-1.81199E-5	3.39748E-4	1.43052E-6	-9.78362E-7	-2.85219E-9	0.00000E+0	0.00000E+0	1.99690E+0	0.00000E+0
-9.09000E-2	9.34605E-5	-1.81199E-5	3.39748E-4	1.43052E-6	-9.78303E-7	-2.85219E-9	0.00000E+0	0.00000E+0	1.99880E+0	0.00000E+0
-1.00000E-1	9.25069E-5	-1.81199E-5	3.39748E-4	1.43052E-6	-9.78362E-7	-2.85219E-9	0.00000E+0	0.00000E+0	1.99880E+0	0.00000E+0
