B (T)	X1(V)	Y1 (V)	X2(V)	Y2(V)	X3 (V)	Y3 (V)	X4 (V)	Y4 (V)	SensA (V)	SensB (V)
0.00000E+0	-1.24217E-2	2.45287E-3	-6.19891E-6	-5.00682E-6	-9.65789E-7	5.82081E-11	0.00000E+0	0.00000E+0	1.99980E+0	0.00000E+0
0.00000E+0	-1.24226E-2	2.45191E-3	-3.81473E-6	5.96049E-6	-9.65847E-7	5.82081E-11	0.00000E+0	0.00000E+0	1.99830E+0	0.00000E+0
0.00000E+0	-1.24226E-2	2.45287E-3	-3.81473E-6	5.96049E-6	-9.65905E-7	5.82081E-11	0.00000E+0	0.00000E+0	1.99970E+0	0.00000E+0
7.69630E+0	-1.24226E-2	2.45191E-3	-3.57629E-6	5.96049E-6	-9.65905E-7	5.82081E-11	0.00000E+0	0.00000E+0	2.00030E+0	0.00000E+0
7.67920E+0	-1.24226E-2	2.45382E-3	-3.57629E-6	5.96049E-6	-9.65963E-7	5.82081E-11	0.00000E+0	0.00000E+0	2.00210E+0	0.00000E+0
7.66200E+0	-1.24236E-2	2.45382E-3	-3.33787E-6	5.72208E-6	-9.66022E-7	5.82081E-11	0.00000E+0	0.00000E+0	1.99920E+0	0.00000E+0
7.64490E+0	-1.24236E-2	2.45287E-3	-3.33787E-6	5.48366E-6	-9.66080E-7	5.82081E-11	0.00000E+0	0.00000E+0	1.99930E+0	0.00000E+0
7.62770E+0	-1.24245E-2	2.45382E-3	-3.33787E-6	5.72208E-6	-9.66080E-7	0.00000E+0	0.00000E+0	0.00000E+0	1.99990E+0	0.00000E+0
7.61060E+0	-1.24245E-2	2.45382E-3	-3.09946E-6	5.48366E-6	-9.66138E-7	0.00000E+0	0.00000E+0	0.00000E+0	2.00000E+0	0.00000E+0
7.59340E+0	-1.24245E-2	2.45382E-3	-2.86104E-6	5.48366E-6	-9.66138E-7	0.00000E+0	0.00000E+0	0.00000E+0	2.00140E+0	0.00000E+0
7.57630E+0	-1.24255E-2	2.45382E-3	-2.86104E-6	5.48366E-6	-9.66196E-7	0.00000E+0	0.00000E+0	0.00000E+0	1.99910E+0	0.00000E+0
7.55910E+0	-1.24255E-2	2.45382E-3	-2.86104E-6	5.48366E-6	-9.66196E-7	0.00000E+0	0.00000E+0	0.00000E+0	2.00050E+0	0.00000E+0
7.54200E+0	-1.24255E-2	2.45382E-3	-2.86104E-6	5.24524E-6	-9.66196E-7	0.00000E+0	0.00000E+0	0.00000E+0	2.00120E+0	0.00000E+0
7.52480E+0	-1.24255E-2	2.45382E-3	-2.38420E-6	5.24524E-6	-9.66196E-7	0.00000E+0	0.00000E+0	0.00000E+0	2.00140E+0	0.00000E+0
7.50770E+0	-1.24255E-2	2.45382E-3	-2.38420E-6	5.24524E-6	-9.66196E-7	0.00000E+0	0.00000E+0	0.00000E+0	1.99810E+0	0.00000E+0
7.49050E+0	-1.24255E-2	2.45477E-3	-2.14578E-6	5.00682E-6	-9.66254E-7	0.00000E+0	0.00000E+0	0.00000E+0	2.00140E+0	0.00000E+0
7.47330E+0	-1.24255E-2	2.45382E-3	-1.66894E-6	5.00682E-6	-9.66254E-7	0.00000E+0	0.00000E+0	0.00000E+0	2.00180E+0	0.00000E+0
7.45620E+0	-1.24255E-2	2.45477E-3	-1.19210E-6	5.00682E-6	-9.66313E-7	0.00000E+0	0.00000E+0	0.00000E+0	2.00010E+0	0.00000E+0
7.43900E+0	-1.24255E-2	2.45382E-3	-9.53682E-7	4.76840E-6	-9.66313E-7	0.00000E+0	0.00000E+0	0.00000E+0	1.99880E+0	0.00000E+0
7.42190E+0	-1.24245E-2	2.45477E-3	-4.76841E-7	4.76840E-6	-9.66313E-7	0.00000E+0	0.00000E+0	0.00000E+0	1.99700E+0	0.00000E+0
7.40470E+0	-1.24245E-2	2.45382E-3	2.38420E-7	4.76840E-6	-9.66313E-7	0.00000E+0	0.00000E+0	0.00000E+0	2.00190E+0	0.00000E+0
7.38760E+0	-1.24236E-2	2.45477E-3	7.15259E-7	4.76840E-6	-9.66313E-7	0.00000E+0	0.00000E+0	0.00000E+0	2.00300E+0	0.00000E+0
7.37040E+0	-1.24236E-2	2.45382E-3	1.43052E-6	4.76840E-6	-9.66313E-7	0.00000E+0	0.00000E+0	0.00000E+0	2.00300E+0	0.00000E+0
7.35330E+0	-1.24226E-2	2.45382E-3	1.90736E-6	4.76840E-6	-9.66196E-7	0.00000E+0	0.00000E+0	0.00000E+0	1.99880E+0	0.00000E+0
7.33610E+0	-1.24207E-2	2.45382E-3	4.05314E-6	4.76840E-6	-9.66196E-7	0.00000E+0	0.00000E+0	0.00000E+0	2.00040E+0	0.00000E+0
7.31900E+0	-1.24188E-2	2.45382E-3	5.96049E-6	4.76840E-6	-9.66138E-7	0.00000E+0	0.00000E+0	0.00000E+0	2.00060E+0	0.00000E+0
7.30180E+0	-1.24169E-2	2.45382E-3	8.10629E-6	4.76840E-6	-9.66138E-7	0.00000E+0	0.00000E+0	0.00000E+0	2.00070E+0	0.00000E+0
7.28470E+0	-1.24188E-2	2.45382E-3	1.04905E-5	4.76840E-6	-9.66138E-7	0.00000E+0	0.00000E+0	0.00000E+0	2.00010E+0	0.00000E+0
7.26750E+0	-1.24179E-2	2.45382E-3	9.05996E-6	4.76840E-6	-9.66080E-7	0.00000E+0	0.00000E+0	0.00000E+0	2.00060E+0	0.00000E+0
7.25040E+0	-1.24159E-2	2.45287E-3	9.77522E-6	4.76840E-6	-9.66022E-7	0.00000E+0	0.00000E+0	0.00000E+0	2.00110E+0	0.00000E+0
7.23320E+0	-1.24140E-2	2.45191E-3	1.21594E-5	4.76840E-6	-9.65963E-7	0.00000E+0	0.00000E+0	0.00000E+0	2.00000E+0	0.00000E+0
7.21600E+0	-1.24112E-2	2.45096E-3	1.57357E-5	4.76840E-6	-9.65905E-7	0.00000E+0	0.00000E+0	0.00000E+0	2.00030E+0	0.00000E+0
7.19890E+0	-1.24112E-2	2.45096E-3	1.95504E-5	4.76840E-6	-9.65847E-7	0.00000E+0	0.00000E+0	0.00000E+0	2.00110E+0	0.00000E+0
7.18170E+0	-1.24074E-2	2.45096E-3	2.05041E-5	4.76840E-6	-9.65789E-7	0.00000E+0	0.00000E+0	0.00000E+0	1.99970E+0	0.00000E+0
7.16460E+0	-1.24045E-2	2.44905E-3	2.55109E-5	5.00682E-6	-9.65672E-7	0.00000E+0	0.00000E+0	0.00000E+0	1.99870E+0	0.00000E+0
7.14740E+0	-1.24007E-2	2.44905E-3	3.12331E-5	5.00682E-6	-9.65556E-7	0.00000E+0	0.00000E+0	0.00000E+0	1.99990E+0	0.00000E+0
7.13030E+0	-1.23988E-2	2.44905E-3	3.67167E-5	5.00682E-6	-9.65556E-7	0.00000E+0	0.00000E+0	0.00000E+0	2.00190E+0	0.00000E+0
7.11310E+0	-1.23969E-2	2.44714E-3	3.95777E-5	5.24524E-6	-9.65440E-7	5.82081E-11	0.00000E+0	0.00000E+0	2.00030E+0	0.00000E+0
7.09600E+0	-1.23902E-2	2.44714E-3	4.29156E-5	5.24524E-6	-9.65265E-7	5.82081E-11	0.00000E+0	0.00000E+0	1.99960E+0	0.00000E+0
7.07880E+0	-1.23835E-2	2.44428E-3	5.57902E-5	5.24524E-6	-9.65090E-7	5.82081E-11	0.00000E+0	0.00000E+0	1.99960E+0	0.00000E+0
7.06170E+0	-1.23749E-2	2.44428E-3	6.89034E-5	5.48366E-6	-9.64974E-7	5.82081E-11	0.00000E+0	0.00000E+0	1.99820E+0	0.00000E+0
7.04450E+0	-1.23768E-2	2.44333E-3	8.20165E-5	5.48366E-6	-9.64974E-7	1.16416E-10	0.00000E+0	0.00000E+0	2.00130E+0	0.00000E+0
7.02740E+0	-1.23692E-2	2.44237E-3	8.01091E-5	5.48366E-6	-9.64857E-7	1.16416E-10	0.00000E+0	0.00000E+0	2.00240E+0	0.00000E+0
7.01020E+0	-1.23711E-2	2.44237E-3	9.22685E-5	5.48366E-6	-9.64799E-7	1.16416E-10	0.00000E+0	0.00000E+0	2.00020E+0	0.00000E+0
6.99300E+0	-1.23578E-2	2.44047E-3	9.03611E-5	5.48366E-6	-9.64392E-7	1.16416E-10	0.00000E+0	0.00000E+0	2.00060E+0	0.00000E+0
6.97590E+0	-1.23473E-2	2.43761E-3	1.27555E-4	5.72208E-6	-9.64392E-7	1.74624E-10	0.00000E+0	0.00000E+0	1.99890E+0	0.00000E+0
6.95870E+0	-1.23435E-2	2.43761E-3	1.37092E-4	5.72208E-6	-9.64159E-7	1.74624E-10	0.00000E+0	0.00000E+0	1.99740E+0	0.00000E+0
6.94160E+0	-1.23301E-2	2.43475E-3	1.50920E-4	5.72208E-6	-9.64101E-7	2.32832E-10	0.00000E+0	0.00000E+0	1.99820E+0	0.00000E+0
6.92440E+0	-1.23244E-2	2.43379E-3	1.74762E-4	5.96049E-6	-9.63926E-7	2.32832E-10	0.00000E+0	0.00000E+0	2.00100E+0	0.00000E+0
6.90730E+0	-1.23158E-2	2.43188E-3	1.89782E-4	5.96049E-6	-9.63752E-7	2.32832E-10	0.00000E+0	0.00000E+0	2.00130E+0	0.00000E+0
6.89010E+0	-1.23053E-2	2.42998E-3	2.15293E-4	5.96049E-6	-9.63635E-7	2.91040E-10	0.00000E+0	0.00000E+0	2.00000E+0	0.00000E+0
6.87300E+0	-1.22986E-2	2.42902E-3	2.30790E-4	5.96049E-6	-9.63460E-7	2.91040E-10	0.00000E+0	0.00000E+0	1.99910E+0	0.00000E+0
6.85580E+0	-1.22796E-2	2.42521E-3	2.52249E-4	5.96049E-6	-9.63228E-7	3.49248E-10	0.00000E+0	0.00000E+0	1.99910E+0	0.00000E+0
6.83870E+0	-1.22691E-2	2.42426E-3	3.01840E-4	5.96049E-6	-9.63169E-7	3.49248E-10	0.00000E+0	0.00000E+0	1.99950E+0	0.00000E+0
6.82150E+0	-1.22672E-2	2.42235E-3	3.14476E-4	6.19891E-6	-9.63053E-7	3.49248E-10	0.00000E+0	0.00000E+0	1.99940E+0	0.00000E+0
6.80440E+0	-1.22538E-2	2.42044E-3	3.30450E-4	5.96049E-6	-9.62820E-7	4.07455E-10	0.00000E+0	0.00000E+0	2.00150E+0	0.00000E+0
6.78720E+0	-1.22233E-2	2.41567E-3	3.70504E-4	5.96049E-6	-9.62529E-7	4.65665E-10	0.00000E+0	0.00000E+0	2.00120E+0	0.00000E+0
6.77010E+0	-1.22080E-2	2.41281E-3	4.39646E-4	5.96049E-6	-9.62413E-7	4.65665E-10	0.00000E+0	0.00000E+0	2.00130E+0	0.00000E+0
6.75290E+0	-1.21918E-2	2.41090E-3	4.74693E-4	5.96049E-6	-9.62238E-7	5.23873E-10	0.00000E+0	0.00000E+0	1.99760E+0	0.00000E+0
6.73570E+0	-1.21775E-2	2.40709E-3	5.12604E-4	5.96049E-6	-9.62063E-7	5.23873E-10	0.00000E+0	0.00000E+0	2.00080E+0	0.00000E+0
6.71860E+0	-1.21575E-2	2.40518E-3	5.59572E-4	5.96049E-6	-9.61889E-7	5.82080E-10	0.00000E+0	0.00000E+0	2.00220E+0	0.00000E+0
6.70140E+0	-1.21432E-2	2.40232E-3	6.08925E-4	5.96049E-6	-9.61714E-7	5.82080E-10	0.00000E+0	0.00000E+0	2.00240E+0	0.00000E+0
6.68430E+0	-1.21155E-2	2.39755E-3	6.43734E-4	5.96049E-6	-9.61481E-7	6.40288E-10	0.00000E+0	0.00000E+0	1.99800E+0	0.00000E+0
6.66710E+0	-1.20888E-2	2.39278E-3	7.13591E-4	5.72208E-6	-9.61365E-7	6.98495E-10	0.00000E+0	0.00000E+0	1.99870E+0	0.00000E+0
6.65000E+0	-1.20860E-2	2.39183E-3	7.73195E-4	5.72208E-6	-9.61190E-7	6.98495E-10	0.00000E+0	0.00000E+0	2.00080E+0	0.00000E+0
6.63310E+0	-1.20354E-2	2.38229E-3	7.90600E-4	5.48366E-6	-9.60841E-7	8.14911E-10	0.00000E+0	0.00000E+0	1.99860E+0	0.00000E+0
6.61590E+0	-1.20021E-2	2.37657E-3	9.33651E-4	5.24524E-6	-9.60608E-7	8.14911E-10	0.00000E+0	0.00000E+0	1.99890E+0	0.00000E+0
6.59870E+0	-1.19820E-2	2.37276E-3	9.98266E-4	4.76840E-6	-9.60492E-7	8.73118E-10	0.00000E+0	0.00000E+0	2.00010E+0	0.00000E+0
6.58160E+0	-1.19630E-2	2.36894E-3	1.04571E-3	4.76840E-6	-9.60259E-7	9.31330E-10	0.00000E+0	0.00000E+0	1.99730E+0	0.00000E+0
6.56440E+0	-1.19191E-2	2.36227E-3	1.11604E-3	4.52998E-6	-9.60026E-7	9.89537E-10	0.00000E+0	0.00000E+0	2.00050E+0	0.00000E+0
6.54730E+0	-1.18991E-2	2.35845E-3	1.21356E-3	4.29156E-6	-9.59910E-7	1.04775E-9	0.00000E+0	0.00000E+0	2.00000E+0	0.00000E+0
6.53010E+0	-1.18647E-2	2.35273E-3	1.26506E-3	4.29156E-6	-9.59677E-7	1.04775E-9	0.00000E+0	0.00000E+0	1.99890E+0	0.00000E+0
6.51300E+0	-1.18428E-2	2.34796E-3	1.35422E-3	3.81473E-6	-9.59444E-7	1.16416E-9	0.00000E+0	0.00000E+0	2.00110E+0	0.00000E+0
6.49580E+0	-1.17980E-2	2.34033E-3	1.42217E-3	3.57629E-6	-9.59211E-7	1.22237E-9	0.00000E+0	0.00000E+0	1.99890E+0	0.00000E+0
6.47870E+0	-1.17608E-2	2.33366E-3	1.53256E-3	3.09946E-6	-9.58978E-7	1.28058E-9	0.00000E+0	0.00000E+0	1.99830E+0	0.00000E+0
6.46150E+0	-1.17140E-2	2.32507E-3	1.62793E-3	2.62262E-6	-9.58746E-7	1.33878E-9	0.00000E+0	0.00000E+0	2.00010E+0	0.00000E+0
6.44440E+0	-1.16654E-2	2.31649E-3	1.74261E-3	1.90736E-6	-9.58396E-7	1.45520E-9	0.00000E+0	0.00000E+0	2.00060E+0	0.00000E+0
6.42720E+0	-1.16082E-2	2.30600E-3	1.89114E-3	7.15259E-7	-9.58164E-7	1.51341E-9	0.00000E+0	0.00000E+0	2.00180E+0	0.00000E+0
6.41010E+0	-1.15681E-2	2.29932E-3	2.02395E-3	2.38420E-7	-9.58047E-7	1.51341E-9	0.00000E+0	0.00000E+0	2.00150E+0	0.00000E+0
6.39290E+0	-1.15595E-2	2.29646E-3	2.09714E-3	0.00000E+0	-9.57873E-7	1.57161E-9	0.00000E+0	0.00000E+0	1.99700E+0	0.00000E+0
6.37580E+0	-1.15319E-2	2.29169E-3	2.13267E-3	-2.38420E-7	-9.57698E-7	1.62982E-9	0.00000E+0	0.00000E+0	2.00150E+0	0.00000E+0
6.35860E+0	-1.15042E-2	2.28693E-3	2.20276E-3	-9.53682E-7	-9.57407E-7	1.68803E-9	0.00000E+0	0.00000E+0	2.00070E+0	0.00000E+0
6.34140E+0	-1.14442E-2	2.27644E-3	2.30648E-3	-1.66894E-6	-9.57174E-7	1.80444E-9	0.00000E+0	0.00000E+0	1.99990E+0	0.00000E+0
6.32430E+0	-1.13927E-2	2.26595E-3	2.44333E-3	-2.38420E-6	-9.56825E-7	1.86266E-9	0.00000E+0	0.00000E+0	1.99990E+0	0.00000E+0
6.30710E+0	-1.13488E-2	2.25832E-3	2.58090E-3	-3.33787E-6	-9.56592E-7	1.92087E-9	0.00000E+0	0.00000E+0	2.00110E+0	0.00000E+0
6.29000E+0	-1.12982E-2	2.24973E-3	2.68222E-3	-4.29156E-6	-9.56359E-7	2.03728E-9	0.00000E+0	0.00000E+0	1.99910E+0	0.00000E+0
6.27280E+0	-1.12467E-2	2.24020E-3	2.80310E-3	-5.48366E-6	-9.56126E-7	2.09549E-9	0.00000E+0	0.00000E+0	2.00090E+0	0.00000E+0
6.25570E+0	-1.11914E-2	2.22971E-3	2.92780E-3	-6.67575E-6	-9.55835E-7	2.21191E-9	0.00000E+0	0.00000E+0	1.99580E+0	0.00000E+0
6.23850E+0	-1.11313E-2	2.21826E-3	3.07442E-3	-7.86787E-6	-9.55544E-7	2.27011E-9	0.00000E+0	0.00000E+0	1.99880E+0	0.00000E+0
6.22140E+0	-1.10741E-2	2.20777E-3	3.21032E-3	-9.05996E-6	-9.55311E-7	2.38653E-9	0.00000E+0	0.00000E+0	2.00450E+0	0.00000E+0
6.20420E+0	-1.10465E-2	2.20300E-3	3.33764E-3	-1.04905E-5	-9.55195E-7	2.38653E-9	0.00000E+0	0.00000E+0	1.99940E+0	0.00000E+0
6.18710E+0	-1.10255E-2	2.19919E-3	3.37578E-3	-1.07289E-5	-9.54904E-7	2.44474E-9	0.00000E+0	0.00000E+0	1.99980E+0	0.00000E+0
6.16990E+0	-1.09444E-2	2.18298E-3	3.48593E-3	-1.16826E-5	-9.54555E-7	2.61936E-9	0.00000E+0	0.00000E+0	1.99820E+0	0.00000E+0
6.15280E+0	-1.08882E-2	2.17344E-3	3.66618E-3	-1.38283E-5	-9.54322E-7	2.67757E-9	0.00000E+0	0.00000E+0	1.99760E+0	0.00000E+0
6.13560E+0	-1.08328E-2	2.16295E-3	3.77227E-3	-1.45436E-5	-9.54031E-7	2.79398E-9	0.00000E+0	0.00000E+0	2.00030E+0	0.00000E+0
6.11850E+0	-1.07661E-2	2.15055E-3	3.91892E-3	-1.62126E-5	-9.53740E-7	2.85219E-9	0.00000E+0	0.00000E+0	1.99950E+0	0.00000E+0
6.10130E+0	-1.07051E-2	2.13911E-3	4.05863E-3	-1.83583E-5	-9.53445E-7	2.91040E-9	0.00000E+0	0.00000E+0	1.99760E+0	0.00000E+0
6.08410E+0	-1.06497E-2	2.12957E-3	4.19286E-3	-1.97889E-5	-9.53271E-7	2.96860E-9	0.00000E+0	0.00000E+0	2.00100E+0	0.00000E+0
6.06700E+0	-1.06364E-2	2.12671E-3	4.27654E-3	-2.05041E-5	-9.53038E-7	3.08502E-9	0.00000E+0	0.00000E+0	2.00360E+0	0.00000E+0
6.04980E+0	-1.05706E-2	2.11431E-3	4.35665E-3	-2.14578E-5	-9.52747E-7	3.14323E-9	0.00000E+0	0.00000E+0	2.00000E+0	0.00000E+0
6.03270E+0	-1.05134E-2	2.10382E-3	4.48850E-3	-2.28883E-5	-9.52456E-7	3.25964E-9	0.00000E+0	0.00000E+0	1.99870E+0	0.00000E+0
6.01550E+0	-1.04552E-2	2.09238E-3	4.60270E-3	-2.45572E-5	-9.52223E-7	3.31785E-9	0.00000E+0	0.00000E+0	2.00070E+0	0.00000E+0
5.99840E+0	-1.03703E-2	2.07616E-3	4.72477E-3	-2.59877E-5	-9.51932E-7	3.43427E-9	0.00000E+0	0.00000E+0	1.99810E+0	0.00000E+0
5.98120E+0	-1.03169E-2	2.06567E-3	4.88833E-3	-2.78951E-5	-9.51699E-7	3.49247E-9	0.00000E+0	0.00000E+0	2.00110E+0	0.00000E+0
5.96410E+0	-1.02692E-2	2.05709E-3	4.97749E-3	-2.88488E-5	-9.51408E-7	3.55068E-9	0.00000E+0	0.00000E+0	1.99940E+0	0.00000E+0
5.94690E+0	-1.01977E-2	2.04279E-3	5.07382E-3	-3.05178E-5	-9.51059E-7	3.72532E-9	0.00000E+0	0.00000E+0	2.00000E+0	0.00000E+0
5.92980E+0	-1.01576E-2	2.03706E-3	5.22879E-3	-3.24252E-5	-9.51000E-7	3.72532E-9	0.00000E+0	0.00000E+0	1.99990E+0	0.00000E+0
5.91260E+0	-1.01443E-2	2.03229E-3	5.24572E-3	-3.29020E-5	-9.50709E-7	3.78353E-9	0.00000E+0	0.00000E+0	1.99940E+0	0.00000E+0
5.89550E+0	-1.00947E-2	2.02371E-3	5.33441E-3	-3.40941E-5	-9.50535E-7	3.84173E-9	0.00000E+0	0.00000E+0	1.99770E+0	0.00000E+0
5.87830E+0	-1.00489E-2	2.01513E-3	5.40498E-3	-3.52862E-5	-9.50244E-7	3.95815E-9	0.00000E+0	0.00000E+0	1.99980E+0	0.00000E+0
5.86110E+0	-9.97263E-3	1.99987E-3	5.46077E-3	-3.67167E-5	-9.50011E-7	4.01636E-9	0.00000E+0	0.00000E+0	2.00030E+0	0.00000E+0
5.84400E+0	-9.89920E-3	1.98652E-3	5.46077E-3	-3.88625E-5	-9.49720E-7	4.13277E-9	0.00000E+0	0.00000E+0	1.99870E+0	0.00000E+0
5.82680E+0	-9.83816E-3	1.97412E-3	5.46077E-3	-4.05314E-5	-9.49429E-7	4.19098E-9	0.00000E+0	0.00000E+0	2.00000E+0	0.00000E+0
5.80970E+0	-9.75615E-3	1.95982E-3	5.46077E-3	-4.19619E-5	-9.49196E-7	4.24919E-9	0.00000E+0	0.00000E+0	1.99880E+0	0.00000E+0
5.79250E+0	-9.72563E-3	1.95314E-3	5.46077E-3	-4.36308E-5	-9.48963E-7	4.36560E-9	0.00000E+0	0.00000E+0	2.00120E+0	0.00000E+0
5.77540E+0	-9.66555E-3	1.94169E-3	5.46077E-3	-4.50613E-5	-9.48730E-7	4.42381E-9	0.00000E+0	0.00000E+0	1.99910E+0	0.00000E+0
5.75820E+0	-9.62454E-3	1.93311E-3	5.46077E-3	-4.60150E-5	-9.48497E-7	4.48202E-9	0.00000E+0	0.00000E+0	2.00200E+0	0.00000E+0
5.74110E+0	-9.57781E-3	1.92452E-3	5.46077E-3	-4.74455E-5	-9.48265E-7	4.59843E-9	0.00000E+0	0.00000E+0	1.99890E+0	0.00000E+0
5.72390E+0	-9.50724E-3	1.91022E-3	5.46077E-3	-4.83992E-5	-9.48032E-7	4.65664E-9	0.00000E+0	0.00000E+0	1.99860E+0	0.00000E+0
5.70680E+0	-9.47100E-3	1.90450E-3	5.46077E-3	-5.00681E-5	-9.47857E-7	4.65664E-9	0.00000E+0	0.00000E+0	2.00250E+0	0.00000E+0
5.68960E+0	-9.42808E-3	1.89496E-3	5.46077E-3	-5.10218E-5	-9.47624E-7	4.77306E-9	0.00000E+0	0.00000E+0	2.00140E+0	0.00000E+0
5.67250E+0	-9.36419E-3	1.88256E-3	5.46077E-3	-5.26907E-5	-9.47392E-7	4.83126E-9	0.00000E+0	0.00000E+0	1.99850E+0	0.00000E+0
5.65530E+0	-9.30315E-3	1.87016E-3	5.46077E-3	-5.38828E-5	-9.47159E-7	4.88947E-9	0.00000E+0	0.00000E+0	1.99780E+0	0.00000E+0
5.63820E+0	-9.26214E-3	1.86253E-3	5.46077E-3	-5.50749E-5	-9.46926E-7	4.94768E-9	0.00000E+0	0.00000E+0	1.99820E+0	0.00000E+0
5.62100E+0	-9.20302E-3	1.85109E-3	5.46077E-3	-5.62670E-5	-9.46693E-7	5.06409E-9	0.00000E+0	0.00000E+0	2.00030E+0	0.00000E+0
5.60380E+0	-9.15533E-3	1.84060E-3	5.46077E-3	-5.76975E-5	-9.46518E-7	5.12230E-9	0.00000E+0	0.00000E+0	1.99950E+0	0.00000E+0
5.58670E+0	-9.10956E-3	1.83297E-3	5.46077E-3	-5.86512E-5	-9.46344E-7	5.18051E-9	0.00000E+0	0.00000E+0	1.99900E+0	0.00000E+0
5.56950E+0	-9.07522E-3	1.82534E-3	5.46077E-3	-5.98433E-5	-9.46111E-7	5.23872E-9	0.00000E+0	0.00000E+0	1.99950E+0	0.00000E+0
5.55240E+0	-9.01037E-3	1.81294E-3	5.46077E-3	-6.10356E-5	-9.45936E-7	5.29693E-9	0.00000E+0	0.00000E+0	2.00180E+0	0.00000E+0
5.53520E+0	-9.00942E-3	1.81294E-3	5.46077E-3	-6.22277E-5	-9.45704E-7	5.35513E-9	0.00000E+0	0.00000E+0	2.00250E+0	0.00000E+0
5.51810E+0	-8.97032E-3	1.80436E-3	5.46077E-3	-6.34198E-5	-9.45529E-7	5.41334E-9	0.00000E+0	0.00000E+0	1.99850E+0	0.00000E+0
5.50090E+0	-8.89593E-3	1.79005E-3	5.46077E-3	-6.43735E-5	-9.45354E-7	5.47155E-9	0.00000E+0	0.00000E+0	2.00070E+0	0.00000E+0
5.48380E+0	-8.84444E-3	1.77956E-3	5.46077E-3	-6.55656E-5	-9.45121E-7	5.52976E-9	0.00000E+0	0.00000E+0	1.99860E+0	0.00000E+0
5.46660E+0	-8.79198E-3	1.76907E-3	5.46077E-3	-6.65192E-5	-9.45005E-7	5.58796E-9	0.00000E+0	0.00000E+0	1.99920E+0	0.00000E+0
5.44950E+0	-8.75193E-3	1.76144E-3	5.46077E-3	-6.72345E-5	-9.44830E-7	5.64617E-9	0.00000E+0	0.00000E+0	1.99910E+0	0.00000E+0
5.43230E+0	-8.72332E-3	1.75572E-3	5.46077E-3	-6.81882E-5	-9.44656E-7	5.64617E-9	0.00000E+0	0.00000E+0	2.00090E+0	0.00000E+0
5.41520E+0	-8.67468E-3	1.74619E-3	5.46077E-3	-6.91419E-5	-9.44481E-7	5.76259E-9	0.00000E+0	0.00000E+0	1.99980E+0	0.00000E+0
5.39800E+0	-8.63367E-3	1.73760E-3	5.46077E-3	-7.00955E-5	-9.44365E-7	5.76259E-9	0.00000E+0	0.00000E+0	2.00140E+0	0.00000E+0
5.38090E+0	-8.56405E-3	1.72330E-3	5.46077E-3	-7.08108E-5	-9.44248E-7	5.82079E-9	0.00000E+0	0.00000E+0	2.00160E+0	0.00000E+0
5.36370E+0	-8.50588E-3	1.71185E-3	5.46077E-3	-7.12876E-5	-9.44132E-7	5.87900E-9	0.00000E+0	0.00000E+0	2.00170E+0	0.00000E+0
5.34650E+0	-8.47155E-3	1.70518E-3	5.46077E-3	-7.22413E-5	-9.44015E-7	5.87900E-9	0.00000E+0	0.00000E+0	2.00020E+0	0.00000E+0
5.32940E+0	-8.42768E-3	1.69564E-3	5.46077E-3	-7.29566E-5	-9.43899E-7	5.93721E-9	0.00000E+0	0.00000E+0	1.99890E+0	0.00000E+0
5.31220E+0	-8.39525E-3	1.68992E-3	5.46077E-3	-7.39102E-5	-9.43841E-7	5.99542E-9	0.00000E+0	0.00000E+0	1.99960E+0	0.00000E+0
5.29510E+0	-8.33994E-3	1.67847E-3	5.46077E-3	-7.43871E-5	-9.43783E-7	5.99542E-9	0.00000E+0	0.00000E+0	2.00080E+0	0.00000E+0
5.27790E+0	-8.28940E-3	1.66798E-3	5.46077E-3	-7.46255E-5	-9.43724E-7	5.99542E-9	0.00000E+0	0.00000E+0	1.99960E+0	0.00000E+0
5.26080E+0	-8.25030E-3	1.66035E-3	5.46077E-3	-7.53407E-5	-9.43666E-7	6.05363E-9	0.00000E+0	0.00000E+0	1.99960E+0	0.00000E+0
5.24360E+0	-8.21310E-3	1.65368E-3	5.46077E-3	-7.60560E-5	-9.43608E-7	6.05363E-9	0.00000E+0	0.00000E+0	2.00080E+0	0.00000E+0
5.22650E+0	-8.17400E-3	1.64605E-3	5.46077E-3	-7.65328E-5	-9.43492E-7	6.11183E-9	0.00000E+0	0.00000E+0	1.99970E+0	0.00000E+0
5.20930E+0	-8.14730E-3	1.64033E-3	5.46077E-3	-7.77249E-5	-9.43433E-7	6.11183E-9	0.00000E+0	0.00000E+0	2.00030E+0	0.00000E+0
5.19220E+0	-8.09485E-3	1.62984E-3	5.46077E-3	-7.84402E-5	-9.43608E-7	6.11183E-9	0.00000E+0	0.00000E+0	2.00010E+0	0.00000E+0
5.17500E+0	-8.01951E-3	1.61362E-3	5.46077E-3	-7.82018E-5	-9.43666E-7	6.11183E-9	0.00000E+0	0.00000E+0	1.99990E+0	0.00000E+0
5.15790E+0	-7.99185E-3	1.60981E-3	5.46077E-3	-7.82018E-5	-9.43608E-7	6.11183E-9	0.00000E+0	0.00000E+0	2.00080E+0	0.00000E+0
5.14070E+0	-7.96229E-3	1.60409E-3	5.46077E-3	-7.86786E-5	-9.43666E-7	6.11183E-9	0.00000E+0	0.00000E+0	2.00130E+0	0.00000E+0
5.12350E+0	-7.90030E-3	1.59074E-3	5.46077E-3	-7.91554E-5	-9.43899E-7	6.11183E-9	0.00000E+0	0.00000E+0	1.99940E+0	0.00000E+0
5.10640E+0	-7.83831E-3	1.57834E-3	5.46077E-3	-7.86786E-5	-9.43957E-7	6.11183E-9	0.00000E+0	0.00000E+0	2.00060E+0	0.00000E+0
5.08920E+0	-7.79536E-3	1.56976E-3	5.46077E-3	-7.89170E-5	-9.44015E-7	6.11183E-9	0.00000E+0	0.00000E+0	1.99740E+0	0.00000E+0
5.07210E+0	-7.74959E-3	1.56117E-3	5.46077E-3	-7.86786E-5	-9.44307E-7	6.05363E-9	0.00000E+0	0.00000E+0	2.00060E+0	0.00000E+0
5.05490E+0	-7.66280E-3	1.54401E-3	5.46077E-3	-7.86786E-5	-9.44481E-7	6.05363E-9	0.00000E+0	0.00000E+0	2.00090E+0	0.00000E+0
5.03780E+0	-7.62084E-3	1.53638E-3	5.46077E-3	-7.79633E-5	-9.44656E-7	5.99542E-9	0.00000E+0	0.00000E+0	1.99910E+0	0.00000E+0
5.02060E+0	-7.54836E-3	1.52207E-3	5.46077E-3	-7.77249E-5	-9.44889E-7	5.99542E-9	0.00000E+0	0.00000E+0	2.00000E+0	0.00000E+0
5.00350E+0	-7.48828E-3	1.50967E-3	5.46077E-3	-7.70097E-5	-9.45121E-7	5.99542E-9	0.00000E+0	0.00000E+0	2.00130E+0	0.00000E+0
4.98630E+0	-7.43011E-3	1.49918E-3	5.46077E-3	-7.67712E-5	-9.45296E-7	5.93721E-9	0.00000E+0	0.00000E+0	1.99970E+0	0.00000E+0
4.96920E+0	-7.36526E-3	1.48583E-3	5.46077E-3	-7.65328E-5	-9.45704E-7	5.87900E-9	0.00000E+0	0.00000E+0	1.99830E+0	0.00000E+0
4.95200E+0	-7.29373E-3	1.47248E-3	5.46077E-3	-7.53407E-5	-9.45995E-7	5.82079E-9	0.00000E+0	0.00000E+0	1.99960E+0	0.00000E+0
4.93490E+0	-7.21648E-3	1.45627E-3	5.46077E-3	-7.48639E-5	-9.46577E-7	5.76259E-9	0.00000E+0	0.00000E+0	1.99790E+0	0.00000E+0
4.91770E+0	-7.09251E-3	1.43147E-3	5.46077E-3	-7.34334E-5	-9.47275E-7	5.64617E-9	0.00000E+0	0.00000E+0	1.99940E+0	0.00000E+0
4.90060E+0	-6.97711E-3	1.40858E-3	5.46077E-3	-7.15260E-5	-9.47799E-7	5.52976E-9	0.00000E+0	0.00000E+0	1.99900E+0	0.00000E+0
4.88340E+0	-6.91989E-3	1.39905E-3	5.46077E-3	-6.93803E-5	-9.47915E-7	5.52976E-9	0.00000E+0	0.00000E+0	1.99770E+0	0.00000E+0
4.86620E+0	-6.89796E-3	1.39428E-3	5.46077E-3	-6.86650E-5	-9.48265E-7	5.47155E-9	0.00000E+0	0.00000E+0	2.00020E+0	0.00000E+0
4.84910E+0	-6.83120E-3	1.38188E-3	5.46077E-3	-6.79498E-5	-9.48672E-7	5.41334E-9	0.00000E+0	0.00000E+0	1.99950E+0	0.00000E+0
4.83190E+0	-6.76826E-3	1.36948E-3	5.46077E-3	-6.67577E-5	-9.49371E-7	5.29693E-9	0.00000E+0	0.00000E+0	1.99970E+0	0.00000E+0
4.81480E+0	-6.65382E-3	1.34564E-3	5.46077E-3	-6.48503E-5	-9.50302E-7	5.12230E-9	0.00000E+0	0.00000E+0	2.00040E+0	0.00000E+0
4.79760E+0	-6.59850E-3	1.33515E-3	5.46077E-3	-6.10356E-5	-9.50709E-7	5.06409E-9	0.00000E+0	0.00000E+0	1.99870E+0	0.00000E+0
4.78050E+0	-6.52984E-3	1.31989E-3	5.46077E-3	-5.98433E-5	-9.51757E-7	4.83126E-9	0.00000E+0	0.00000E+0	1.99890E+0	0.00000E+0
4.76330E+0	-6.45545E-3	1.30463E-3	5.46077E-3	-5.65054E-5	-9.52688E-7	4.65664E-9	0.00000E+0	0.00000E+0	2.00060E+0	0.00000E+0
4.74620E+0	-6.40586E-3	1.29510E-3	5.46077E-3	-5.31676E-5	-9.53329E-7	4.54023E-9	0.00000E+0	0.00000E+0	2.00100E+0	0.00000E+0
4.72900E+0	-6.36867E-3	1.28651E-3	5.46077E-3	-5.10218E-5	-9.54205E-7	4.36560E-9	0.00000E+0	0.00000E+0	2.00060E+0	0.00000E+0
4.71190E+0	-6.32575E-3	1.27698E-3	5.46077E-3	-4.83992E-5	-9.55195E-7	4.19098E-9	0.00000E+0	0.00000E+0	2.00140E+0	0.00000E+0
4.69470E+0	-6.29142E-3	1.26839E-3	5.46077E-3	-4.50613E-5	-9.56301E-7	3.95815E-9	0.00000E+0	0.00000E+0	1.99970E+0	0.00000E+0
4.67760E+0	-6.25709E-3	1.25981E-3	5.46077E-3	-4.12466E-5	-9.57523E-7	3.60889E-9	0.00000E+0	0.00000E+0	2.00000E+0	0.00000E+0
4.66040E+0	-6.22752E-3	1.25123E-3	5.46077E-3	-3.71935E-5	-9.58862E-7	3.31785E-9	0.00000E+0	0.00000E+0	1.99820E+0	0.00000E+0
4.64330E+0	-6.21036E-3	1.24455E-3	5.46077E-3	-3.21867E-5	-9.59968E-7	3.02681E-9	0.00000E+0	0.00000E+0	2.00120E+0	0.00000E+0
4.62610E+0	-6.19701E-3	1.23883E-3	5.46077E-3	-2.88488E-5	-9.60958E-7	2.79398E-9	0.00000E+0	0.00000E+0	1.99990E+0	0.00000E+0
4.60890E+0	-6.19033E-3	1.23502E-3	5.46077E-3	-2.55109E-5	-9.61423E-7	2.61936E-9	0.00000E+0	0.00000E+0	1.99990E+0	0.00000E+0
4.59180E+0	-6.18747E-3	1.23406E-3	5.46077E-3	-2.38420E-5	-9.62296E-7	2.32832E-9	0.00000E+0	0.00000E+0	1.99800E+0	0.00000E+0
4.57460E+0	-6.18652E-3	1.22834E-3	5.31390E-3	-2.16962E-5	-9.63984E-7	1.86266E-9	0.00000E+0	0.00000E+0	1.99840E+0	0.00000E+0
4.55750E+0	-6.18652E-3	1.22739E-3	4.66540E-3	-1.62126E-5	-9.64043E-7	1.80444E-9	0.00000E+0	0.00000E+0	1.99910E+0	0.00000E+0
4.54030E+0	-6.18842E-3	1.22643E-3	4.58482E-3	-1.62126E-5	-9.64974E-7	1.45520E-9	0.00000E+0	0.00000E+0	2.00040E+0	0.00000E+0
4.52320E+0	-6.19987E-3	1.22357E-3	4.33138E-3	-1.38283E-5	-9.66895E-7	7.56703E-10	0.00000E+0	0.00000E+0	1.99770E+0	0.00000E+0
4.50600E+0	-6.21513E-3	1.22166E-3	3.51049E-3	-9.05996E-6	-9.68175E-7	2.91040E-10	0.00000E+0	0.00000E+0	1.99650E+0	0.00000E+0
4.48890E+0	-6.22657E-3	1.22166E-3	2.83267E-3	-6.19891E-6	-9.68525E-7	2.32832E-10	0.00000E+0	0.00000E+0	1.99680E+0	0.00000E+0
4.47170E+0	-6.22562E-3	1.22071E-3	2.46121E-3	-5.00682E-6	-9.68757E-7	5.82081E-11	0.00000E+0	0.00000E+0	1.99890E+0	0.00000E+0
4.45460E+0	-6.23325E-3	1.22071E-3	2.50627E-3	-5.00682E-6	-9.69223E-7	-1.16416E-10	0.00000E+0	0.00000E+0	2.00100E+0	0.00000E+0
4.43740E+0	-6.23706E-3	1.22071E-3	2.17034E-3	-3.33787E-6	-9.69630E-7	-2.91040E-10	0.00000E+0	0.00000E+0	2.00090E+0	0.00000E+0
4.42030E+0	-6.24183E-3	1.21976E-3	1.98938E-3	-2.86104E-6	-9.70213E-7	-5.23873E-10	0.00000E+0	0.00000E+0	1.99930E+0	0.00000E+0
4.40310E+0	-6.24755E-3	1.21976E-3	1.71352E-3	-1.19210E-6	-9.70620E-7	-6.40288E-10	0.00000E+0	0.00000E+0	1.99950E+0	0.00000E+0
4.38600E+0	-6.25232E-3	1.21880E-3	1.48512E-3	-4.76841E-7	-9.71260E-7	-9.31330E-10	0.00000E+0	0.00000E+0	1.99970E+0	0.00000E+0
4.36880E+0	-6.25804E-3	1.21880E-3	1.19758E-3	-7.15259E-7	-9.71842E-7	-1.10595E-9	0.00000E+0	0.00000E+0	2.00030E+0	0.00000E+0
4.35160E+0	-6.26186E-3	1.21785E-3	8.70232E-4	-2.62262E-6	-9.72133E-7	-1.28058E-9	0.00000E+0	0.00000E+0	1.99940E+0	0.00000E+0
4.33450E+0	-6.26281E-3	1.21785E-3	6.89033E-4	-3.81473E-6	-9.72133E-7	-1.28058E-9	0.00000E+0	0.00000E+0	2.00070E+0	0.00000E+0
4.31730E+0	-6.26281E-3	1.21785E-3	6.12263E-4	-4.05314E-6	-9.72366E-7	-1.33878E-9	0.00000E+0	0.00000E+0	1.99800E+0	0.00000E+0
4.30020E+0	-6.26472E-3	1.21785E-3	5.65294E-4	-4.05314E-6	-9.72541E-7	-1.45520E-9	0.00000E+0	0.00000E+0	1.99730E+0	0.00000E+0
4.28300E+0	-6.26567E-3	1.21785E-3	4.25579E-4	-3.57629E-6	-9.72774E-7	-1.51341E-9	0.00000E+0	0.00000E+0	2.00090E+0	0.00000E+0
4.26590E+0	-6.26662E-3	1.21785E-3	3.09708E-4	-2.38420E-6	-9.72832E-7	-1.57161E-9	0.00000E+0	0.00000E+0	1.99860E+0	0.00000E+0
4.24870E+0	-6.26853E-3	1.21785E-3	2.33651E-4	-1.19210E-6	-9.72948E-7	-1.57161E-9	0.00000E+0	0.00000E+0	1.99690E+0	0.00000E+0
4.23160E+0	-6.26853E-3	1.21785E-3	1.60457E-4	-2.38420E-7	-9.73007E-7	-1.62982E-9	0.00000E+0	0.00000E+0	2.00010E+0	0.00000E+0
4.21440E+0	-6.26853E-3	1.21785E-3	1.00136E-4	4.76841E-7	-9.72948E-7	-1.62982E-9	0.00000E+0	0.00000E+0	2.00210E+0	0.00000E+0
4.19730E+0	-6.26853E-3	1.21690E-3	1.00375E-4	4.76841E-7	-9.73007E-7	-1.62982E-9	0.00000E+0	0.00000E+0	2.00270E+0	0.00000E+0
4.18010E+0	-6.26853E-3	1.21690E-3	5.74591E-5	4.76841E-7	-9.73007E-7	-1.62982E-9	0.00000E+0	0.00000E+0	2.00040E+0	0.00000E+0
4.16300E+0	-6.26853E-3	1.21690E-3	4.55382E-5	7.15259E-7	-9.72948E-7	-1.62982E-9	0.00000E+0	0.00000E+0	1.99860E+0	0.00000E+0
4.14580E+0	-6.26758E-3	1.21785E-3	3.00409E-5	7.15259E-7	-9.72890E-7	-1.62982E-9	0.00000E+0	0.00000E+0	1.99940E+0	0.00000E+0
4.12860E+0	-6.26662E-3	1.21785E-3	1.90736E-5	7.15259E-7	-9.72890E-7	-1.62982E-9	0.00000E+0	0.00000E+0	1.99960E+0	0.00000E+0
4.11150E+0	-6.26662E-3	1.21785E-3	1.26362E-5	7.15259E-7	-9.72832E-7	-1.62982E-9	0.00000E+0	0.00000E+0	1.99810E+0	0.00000E+0
4.09430E+0	-6.26662E-3	1.21690E-3	5.96049E-6	7.15259E-7	-9.72715E-7	-1.57161E-9	0.00000E+0	0.00000E+0	1.99720E+0	0.00000E+0
4.07720E+0	-6.26567E-3	1.21785E-3	3.81473E-6	7.15259E-7	-9.72657E-7	-1.57161E-9	0.00000E+0	0.00000E+0	1.99940E+0	0.00000E+0
4.06000E+0	-6.26567E-3	1.21785E-3	2.14578E-6	7.15259E-7	-9.72599E-7	-1.57161E-9	0.00000E+0	0.00000E+0	1.99870E+0	0.00000E+0
4.04290E+0	-6.26567E-3	1.21785E-3	1.43052E-6	7.15259E-7	-9.72541E-7	-1.57161E-9	0.00000E+0	0.00000E+0	2.00060E+0	0.00000E+0
4.02570E+0	-6.26567E-3	1.21785E-3	9.53682E-7	7.15259E-7	-9.72483E-7	-1.57161E-9	0.00000E+0	0.00000E+0	1.99810E+0	0.00000E+0
4.00860E+0	-6.26472E-3	1.21785E-3	1.43052E-6	4.76841E-7	-9.72308E-7	-1.51341E-9	0.00000E+0	0.00000E+0	1.99890E+0	0.00000E+0
3.99140E+0	-6.26376E-3	1.21785E-3	9.53682E-7	4.76841E-7	-9.72192E-7	-1.51341E-9	0.00000E+0	0.00000E+0	1.99610E+0	0.00000E+0
3.97430E+0	-6.26186E-3	1.21785E-3	7.15259E-7	4.76841E-7	-9.71959E-7	-1.51341E-9	0.00000E+0	0.00000E+0	1.99880E+0	0.00000E+0
3.95710E+0	-6.26090E-3	1.21785E-3	1.43052E-6	4.76841E-7	-9.71784E-7	-1.45520E-9	0.00000E+0	0.00000E+0	1.99880E+0	0.00000E+0
3.94000E+0	-6.26090E-3	1.21785E-3	3.09946E-6	4.76841E-7	-9.71726E-7	-1.45520E-9	0.00000E+0	0.00000E+0	1.99990E+0	0.00000E+0
3.92280E+0	-6.25899E-3	1.21785E-3	3.09946E-6	4.76841E-7	-9.71493E-7	-1.45520E-9	0.00000E+0	0.00000E+0	1.99780E+0	0.00000E+0
3.90570E+0	-6.25804E-3	1.21785E-3	6.43733E-6	4.76841E-7	-9.71260E-7	-1.39699E-9	0.00000E+0	0.00000E+0	1.99860E+0	0.00000E+0
3.88850E+0	-6.25518E-3	1.21785E-3	8.34471E-6	4.76841E-7	-9.70795E-7	-1.33878E-9	0.00000E+0	0.00000E+0	2.00030E+0	0.00000E+0
3.87130E+0	-6.25232E-3	1.21785E-3	1.97889E-5	4.76841E-7	-9.70504E-7	-1.33878E-9	0.00000E+0	0.00000E+0	1.99950E+0	0.00000E+0
3.85420E+0	-6.24850E-3	1.21785E-3	3.02793E-5	7.15259E-7	-9.70213E-7	-1.28058E-9	0.00000E+0	0.00000E+0	1.99760E+0	0.00000E+0
3.83700E+0	-6.24564E-3	1.21785E-3	4.41077E-5	7.15259E-7	-9.70096E-7	-1.28058E-9	0.00000E+0	0.00000E+0	2.00130E+0	0.00000E+0
3.81990E+0	-6.24374E-3	1.21785E-3	5.19755E-5	7.15259E-7	-9.69747E-7	-1.22237E-9	0.00000E+0	0.00000E+0	1.99850E+0	0.00000E+0
3.80270E+0	-6.23706E-3	1.21785E-3	7.08108E-5	7.15259E-7	-9.69398E-7	-1.22237E-9	0.00000E+0	0.00000E+0	2.00040E+0	0.00000E+0
3.78560E+0	-6.23038E-3	1.21690E-3	9.48911E-5	9.53682E-7	-9.69223E-7	-1.16416E-9	0.00000E+0	0.00000E+0	2.00000E+0	0.00000E+0
3.76840E+0	-6.22466E-3	1.21594E-3	1.16110E-4	9.53682E-7	-9.68990E-7	-1.10595E-9	0.00000E+0	0.00000E+0	1.99890E+0	0.00000E+0
3.75130E+0	-6.21513E-3	1.21499E-3	1.42575E-4	9.53682E-7	-9.68641E-7	-1.04775E-9	0.00000E+0	0.00000E+0	1.99990E+0	0.00000E+0
3.73410E+0	-6.20177E-3	1.21308E-3	1.83345E-4	1.19210E-6	-9.68234E-7	-1.04775E-9	0.00000E+0	0.00000E+0	2.00070E+0	0.00000E+0
3.71700E+0	-6.18365E-3	1.21022E-3	2.41996E-4	1.43052E-6	-9.67942E-7	-9.89537E-10	0.00000E+0	0.00000E+0	1.99880E+0	0.00000E+0
3.69980E+0	-6.16649E-3	1.20736E-3	3.14238E-4	1.43052E-6	-9.67535E-7	-8.73118E-10	0.00000E+0	0.00000E+0	1.99480E+0	0.00000E+0
3.68270E+0	-6.14455E-3	1.20354E-3	3.89578E-4	1.66894E-6	-9.67302E-7	-8.14911E-10	0.00000E+0	0.00000E+0	1.99980E+0	0.00000E+0
3.66550E+0	-6.12262E-3	1.19973E-3	4.72786E-4	1.90736E-6	-9.67011E-7	-8.14911E-10	0.00000E+0	0.00000E+0	2.00060E+0	0.00000E+0
3.64840E+0	-6.09878E-3	1.19592E-3	5.62195E-4	1.90736E-6	-9.66662E-7	-7.56703E-10	0.00000E+0	0.00000E+0	2.00060E+0	0.00000E+0
3.63120E+0	-6.07207E-3	1.19115E-3	6.66860E-4	2.14578E-6	-9.66371E-7	-6.40288E-10	0.00000E+0	0.00000E+0	1.99910E+0	0.00000E+0
3.61400E+0	-6.03583E-3	1.18447E-3	7.64374E-4	2.14578E-6	-9.65963E-7	-5.23873E-10	0.00000E+0	0.00000E+0	1.99810E+0	0.00000E+0
3.59690E+0	-6.00532E-3	1.17970E-3	9.13385E-4	2.38420E-6	-9.65789E-7	-5.23873E-10	0.00000E+0	0.00000E+0	2.00240E+0	0.00000E+0
3.57970E+0	-5.99101E-3	1.17684E-3	1.00709E-3	2.38420E-6	-9.65556E-7	-4.07455E-10	0.00000E+0	0.00000E+0	1.99700E+0	0.00000E+0
3.56260E+0	-5.95573E-3	1.17112E-3	1.07814E-3	2.14578E-6	-9.65090E-7	-3.49248E-10	0.00000E+0	0.00000E+0	1.99550E+0	0.00000E+0
3.54540E+0	-5.88992E-3	1.15872E-3	1.23239E-3	2.14578E-6	-9.64334E-7	-5.82081E-11	0.00000E+0	0.00000E+0	1.99730E+0	0.00000E+0
3.52830E+0	-5.82603E-3	1.14728E-3	1.53065E-3	1.90736E-6	-9.64101E-7	0.00000E+0	0.00000E+0	0.00000E+0	1.99890E+0	0.00000E+0
3.51110E+0	-5.78788E-3	1.13965E-3	1.70518E-3	1.90736E-6	-9.63693E-7	1.16416E-10	0.00000E+0	0.00000E+0	1.99730E+0	0.00000E+0
3.49400E+0	-5.74973E-3	1.13393E-3	1.87040E-3	1.43052E-6	-9.63402E-7	2.32832E-10	0.00000E+0	0.00000E+0	1.99950E+0	0.00000E+0
3.47700E+0	-5.72971E-3	1.12916E-3	2.00202E-3	1.43052E-6	-9.63111E-7	3.49248E-10	0.00000E+0	0.00000E+0	1.99670E+0	0.00000E+0
3.45990E+0	-5.66962E-3	1.11771E-3	2.09714E-3	9.53682E-7	-9.62587E-7	5.23873E-10	0.00000E+0	0.00000E+0	1.99770E+0	0.00000E+0
3.44270E+0	-5.59524E-3	1.10436E-3	2.34295E-3	0.00000E+0	-9.62122E-7	6.98495E-10	0.00000E+0	0.00000E+0	1.99970E+0	0.00000E+0
3.42560E+0	-5.54183E-3	1.09387E-3	2.59782E-3	-7.15259E-7	-9.61772E-7	8.14911E-10	0.00000E+0	0.00000E+0	1.99770E+0	0.00000E+0
3.40840E+0	-5.48652E-3	1.08243E-3	2.78427E-3	-1.43052E-6	-9.61423E-7	9.31330E-10	0.00000E+0	0.00000E+0	1.99980E+0	0.00000E+0
3.39130E+0	-5.44170E-3	1.07384E-3	2.97619E-3	-2.38420E-6	-9.61074E-7	1.10595E-9	0.00000E+0	0.00000E+0	2.00010E+0	0.00000E+0
3.37410E+0	-5.34824E-3	1.05572E-3	3.13641E-3	-3.57629E-6	-9.60667E-7	1.28058E-9	0.00000E+0	0.00000E+0	1.99840E+0	0.00000E+0
3.35700E+0	-5.29769E-3	1.04714E-3	3.41965E-3	-5.24524E-6	-9.60492E-7	1.39699E-9	0.00000E+0	0.00000E+0	1.99980E+0	0.00000E+0
3.33980E+0	-5.25096E-3	1.03665E-3	3.55817E-3	-6.19891E-6	-9.60201E-7	1.45520E-9	0.00000E+0	0.00000E+0	1.99920E+0	0.00000E+0
3.32270E+0	-5.16608E-3	1.02044E-3	3.72054E-3	-7.39101E-6	-9.59910E-7	1.68803E-9	0.00000E+0	0.00000E+0	1.99740E+0	0.00000E+0
3.30550E+0	-5.06118E-3	9.99458E-4	3.97590E-3	-8.82155E-6	-9.59793E-7	1.74624E-9	0.00000E+0	0.00000E+0	1.99870E+0	0.00000E+0
3.28840E+0	-5.01731E-3	9.90875E-4	4.19453E-3	-1.04905E-5	-9.59677E-7	1.86266E-9	0.00000E+0	0.00000E+0	1.99940E+0	0.00000E+0
3.27120E+0	-4.97058E-3	9.81338E-4	4.29657E-3	-1.12057E-5	-9.59619E-7	1.92087E-9	0.00000E+0	0.00000E+0	2.00030E+0	0.00000E+0
3.25400E+0	-4.89905E-3	9.67029E-4	4.40696E-3	-1.23978E-5	-9.59561E-7	1.97907E-9	0.00000E+0	0.00000E+0	2.00140E+0	0.00000E+0
3.23690E+0	-4.85423E-3	9.58446E-4	4.53666E-3	-1.33515E-5	-9.59561E-7	1.97907E-9	0.00000E+0	0.00000E+0	1.99720E+0	0.00000E+0
3.21970E+0	-4.79320E-3	9.45095E-4	4.61915E-3	-1.40668E-5	-9.59735E-7	2.09549E-9	0.00000E+0	0.00000E+0	1.99720E+0	0.00000E+0
3.20260E+0	-4.69401E-3	9.26021E-4	4.72668E-3	-1.50204E-5	-9.60026E-7	2.09549E-9	0.00000E+0	0.00000E+0	1.99840E+0	0.00000E+0
3.18540E+0	-4.60246E-3	9.07902E-4	4.82920E-3	-1.57357E-5	-9.60375E-7	2.09549E-9	0.00000E+0	0.00000E+0	2.00200E+0	0.00000E+0
3.16830E+0	-4.53857E-3	8.94550E-4	4.88284E-3	-1.59742E-5	-9.60725E-7	2.09549E-9	0.00000E+0	0.00000E+0	2.00210E+0	0.00000E+0
3.15110E+0	-4.47372E-3	8.81199E-4	4.90287E-3	-1.59742E-5	-9.61190E-7	1.97907E-9	0.00000E+0	0.00000E+0	2.00000E+0	0.00000E+0
3.13400E+0	-4.41745E-3	8.69755E-4	4.89524E-3	-1.57357E-5	-9.61714E-7	1.92087E-9	0.00000E+0	0.00000E+0	1.99560E+0	0.00000E+0
3.11680E+0	-4.35928E-3	8.57357E-4	4.86901E-3	-1.54973E-5	-9.62529E-7	1.80444E-9	0.00000E+0	0.00000E+0	1.99680E+0	0.00000E+0
3.09970E+0	-4.30015E-3	8.45913E-4	4.79653E-3	-1.43052E-5	-9.63344E-7	1.68803E-9	0.00000E+0	0.00000E+0	1.99950E+0	0.00000E+0
3.08250E+0	-4.25437E-3	8.36376E-4	4.68400E-3	-1.33515E-5	-9.64275E-7	1.45520E-9	0.00000E+0	0.00000E+0	2.00110E+0	0.00000E+0
3.06540E+0	-4.21813E-3	8.27793E-4	4.54524E-3	-1.16826E-5	-9.65090E-7	1.28058E-9	0.00000E+0	0.00000E+0	2.00090E+0	0.00000E+0
3.04820E+0	-4.18952E-3	8.22071E-4	4.38908E-3	-1.04905E-5	-9.66022E-7	1.04775E-9	0.00000E+0	0.00000E+0	1.99940E+0	0.00000E+0
3.03110E+0	-4.16663E-3	8.16349E-4	4.20359E-3	-8.82155E-6	-9.66953E-7	8.14911E-10	0.00000E+0	0.00000E+0	1.99950E+0	0.00000E+0
3.01390E+0	-4.15519E-3	8.14442E-4	3.95873E-3	-7.39101E-6	-9.67535E-7	6.98495E-10	0.00000E+0	0.00000E+0	1.99920E+0	0.00000E+0
2.99670E+0	-4.14851E-3	8.12534E-4	3.77370E-3	-6.67575E-6	-9.68175E-7	5.23873E-10	0.00000E+0	0.00000E+0	2.00150E+0	0.00000E+0
2.97960E+0	-4.14661E-3	8.11581E-4	3.57677E-3	-5.48366E-6	-9.68990E-7	2.32832E-10	0.00000E+0	0.00000E+0	1.99780E+0	0.00000E+0
2.96240E+0	-4.14756E-3	8.10627E-4	3.27565E-3	-3.81473E-6	-9.69689E-7	0.00000E+0	0.00000E+0	0.00000E+0	2.00180E+0	0.00000E+0
2.94530E+0	-4.15137E-3	8.11581E-4	2.97786E-3	-2.86104E-6	-9.70329E-7	-2.91040E-10	0.00000E+0	0.00000E+0	1.99850E+0	0.00000E+0
2.92810E+0	-4.15710E-3	8.12534E-4	2.68413E-3	-1.66894E-6	-9.71027E-7	-5.23873E-10	0.00000E+0	0.00000E+0	1.99900E+0	0.00000E+0
2.91100E+0	-4.16377E-3	8.12534E-4	2.35225E-3	-9.53682E-7	-9.71784E-7	-8.14911E-10	0.00000E+0	0.00000E+0	1.99700E+0	0.00000E+0
2.89380E+0	-4.17045E-3	8.13488E-4	2.00893E-3	0.00000E+0	-9.72541E-7	-1.04775E-9	0.00000E+0	0.00000E+0	1.99850E+0	0.00000E+0
2.87670E+0	-4.17712E-3	8.13488E-4	1.64438E-3	7.15259E-7	-9.73181E-7	-1.33878E-9	0.00000E+0	0.00000E+0	2.00090E+0	0.00000E+0
2.85950E+0	-4.18189E-3	8.13488E-4	1.30106E-3	9.53682E-7	-9.73647E-7	-1.51341E-9	0.00000E+0	0.00000E+0	1.99850E+0	0.00000E+0
2.84240E+0	-4.18285E-3	8.13488E-4	9.94213E-4	9.53682E-7	-9.73763E-7	-1.57161E-9	0.00000E+0	0.00000E+0	1.99970E+0	0.00000E+0
2.82520E+0	-4.18475E-3	8.13488E-4	9.36273E-4	1.43052E-6	-9.74112E-7	-1.68803E-9	0.00000E+0	0.00000E+0	1.99920E+0	0.00000E+0
2.80810E+0	-4.18666E-3	8.13488E-4	8.11104E-4	1.19210E-6	-9.74578E-7	-1.92087E-9	0.00000E+0	0.00000E+0	2.00020E+0	0.00000E+0
2.79090E+0	-4.18857E-3	8.13488E-4	5.45267E-4	9.53682E-7	-9.74869E-7	-2.03728E-9	0.00000E+0	0.00000E+0	1.99880E+0	0.00000E+0
2.77380E+0	-4.18952E-3	8.12534E-4	2.91111E-4	4.76841E-7	-9.74927E-7	-2.09549E-9	0.00000E+0	0.00000E+0	2.00030E+0	0.00000E+0
2.75660E+0	-4.18857E-3	8.12534E-4	1.69278E-4	2.38420E-7	-9.74869E-7	-2.09549E-9	0.00000E+0	0.00000E+0	1.99970E+0	0.00000E+0
2.73940E+0	-4.18857E-3	8.12534E-4	1.32085E-4	2.38420E-7	-9.74811E-7	-2.09549E-9	0.00000E+0	0.00000E+0	1.99670E+0	0.00000E+0
2.72230E+0	-4.18761E-3	8.12534E-4	1.05858E-4	0.00000E+0	-9.74404E-7	-2.09549E-9	0.00000E+0	0.00000E+0	1.99700E+0	0.00000E+0
2.70510E+0	-4.18666E-3	8.12534E-4	6.53272E-5	0.00000E+0	-9.74112E-7	-2.03728E-9	0.00000E+0	0.00000E+0	1.99910E+0	0.00000E+0
2.68800E+0	-4.18475E-3	8.10627E-4	5.07834E-5	0.00000E+0	-9.73705E-7	-2.03728E-9	0.00000E+0	0.00000E+0	1.99730E+0	0.00000E+0
2.67080E+0	-4.18189E-3	8.10627E-4	5.19755E-5	0.00000E+0	-9.73414E-7	-1.97907E-9	0.00000E+0	0.00000E+0	1.99880E+0	0.00000E+0
2.65370E+0	-4.17808E-3	8.09673E-4	5.88896E-5	2.38420E-7	-9.72948E-7	-1.92087E-9	0.00000E+0	0.00000E+0	1.99910E+0	0.00000E+0
2.63650E+0	-4.17045E-3	8.08720E-4	7.60560E-5	2.38420E-7	-9.72483E-7	-1.80444E-9	0.00000E+0	0.00000E+0	1.99870E+0	0.00000E+0
2.61940E+0	-4.16377E-3	8.07766E-4	1.05381E-4	4.76841E-7	-9.72192E-7	-1.80444E-9	0.00000E+0	0.00000E+0	2.00070E+0	0.00000E+0
2.60220E+0	-4.15710E-3	8.05859E-4	1.26124E-4	4.76841E-7	-9.71726E-7	-1.68803E-9	0.00000E+0	0.00000E+0	2.00250E+0	0.00000E+0
2.58510E+0	-4.13802E-3	8.02997E-4	1.64510E-4	4.76841E-7	-9.71202E-7	-1.57161E-9	0.00000E+0	0.00000E+0	1.99810E+0	0.00000E+0
2.56790E+0	-4.11609E-3	7.99183E-4	2.44619E-4	7.15259E-7	-9.70736E-7	-1.51341E-9	0.00000E+0	0.00000E+0	2.00050E+0	0.00000E+0
2.55080E+0	-4.08843E-3	7.94414E-4	3.28304E-4	9.53682E-7	-9.70213E-7	-1.39699E-9	0.00000E+0	0.00000E+0	1.99650E+0	0.00000E+0
2.53360E+0	-4.04838E-3	7.85831E-4	4.42030E-4	9.53682E-7	-9.69689E-7	-1.22237E-9	0.00000E+0	0.00000E+0	1.99550E+0	0.00000E+0
2.51650E+0	-4.00642E-3	7.79156E-4	6.12024E-4	1.43052E-6	-9.69339E-7	-1.10595E-9	0.00000E+0	0.00000E+0	1.99700E+0	0.00000E+0
2.49930E+0	-3.96064E-3	7.70573E-4	7.56506E-4	1.43052E-6	-9.68932E-7	-9.89537E-10	0.00000E+0	0.00000E+0	1.99990E+0	0.00000E+0
2.48210E+0	-3.90628E-3	7.60082E-4	9.44857E-4	1.43052E-6	-9.68641E-7	-8.73118E-10	0.00000E+0	0.00000E+0	1.99970E+0	0.00000E+0
2.46500E+0	-3.84618E-3	7.48638E-4	1.14680E-3	1.43052E-6	-9.68350E-7	-7.56703E-10	0.00000E+0	0.00000E+0	2.00080E+0	0.00000E+0
2.44780E+0	-3.78229E-3	7.37194E-4	1.38140E-3	1.43052E-6	-9.68117E-7	-5.82080E-10	0.00000E+0	0.00000E+0	1.99770E+0	0.00000E+0
2.43070E+0	-3.72316E-3	7.25750E-4	1.62125E-3	1.43052E-6	-9.68001E-7	-5.23873E-10	0.00000E+0	0.00000E+0	1.99790E+0	0.00000E+0
2.41350E+0	-3.65449E-3	7.13352E-4	1.83249E-3	1.43052E-6	-9.67942E-7	-4.07455E-10	0.00000E+0	0.00000E+0	1.99940E+0	0.00000E+0
2.39640E+0	-3.59346E-3	7.01908E-4	2.07950E-3	1.43052E-6	-9.67942E-7	-2.91040E-10	0.00000E+0	0.00000E+0	1.99730E+0	0.00000E+0
2.37920E+0	-3.53147E-3	6.90464E-4	2.29336E-3	1.19210E-6	-9.67942E-7	-2.91040E-10	0.00000E+0	0.00000E+0	1.99810E+0	0.00000E+0
2.36210E+0	-3.46853E-3	6.79020E-4	2.48696E-3	1.19210E-6	-9.68059E-7	-1.74624E-10	0.00000E+0	0.00000E+0	2.00060E+0	0.00000E+0
2.34490E+0	-3.39796E-3	6.65668E-4	2.66792E-3	1.43052E-6	-9.68350E-7	-1.16416E-10	0.00000E+0	0.00000E+0	1.99970E+0	0.00000E+0
2.32780E+0	-3.32452E-3	6.51363E-4	2.85698E-3	1.43052E-6	-9.68699E-7	-1.16416E-10	0.00000E+0	0.00000E+0	1.99880E+0	0.00000E+0
2.31060E+0	-3.26063E-3	6.39919E-4	2.99360E-3	1.90736E-6	-9.69223E-7	-1.16416E-10	0.00000E+0	0.00000E+0	1.99700E+0	0.00000E+0
2.29350E+0	-3.20531E-3	6.28475E-4	3.07108E-3	2.14578E-6	-9.69863E-7	-2.32832E-10	0.00000E+0	0.00000E+0	1.99750E+0	0.00000E+0
2.27630E+0	-3.16526E-3	6.19892E-4	3.08062E-3	2.62262E-6	-9.70387E-7	-2.91040E-10	0.00000E+0	0.00000E+0	1.99930E+0	0.00000E+0
2.25910E+0	-3.14333E-3	6.15124E-4	3.02960E-3	2.62262E-6	-9.70911E-7	-4.07455E-10	0.00000E+0	0.00000E+0	1.99850E+0	0.00000E+0
2.24200E+0	-3.12807E-3	6.11309E-4	2.93829E-3	3.09946E-6	-9.71377E-7	-5.82080E-10	0.00000E+0	0.00000E+0	1.99820E+0	0.00000E+0
2.22480E+0	-3.12139E-3	6.09402E-4	2.77616E-3	3.09946E-6	-9.71842E-7	-6.98495E-10	0.00000E+0	0.00000E+0	1.99840E+0	0.00000E+0
2.20770E+0	-3.12234E-3	6.08448E-4	2.57207E-3	3.09946E-6	-9.72308E-7	-8.73118E-10	0.00000E+0	0.00000E+0	1.99920E+0	0.00000E+0
2.19050E+0	-3.12616E-3	6.08448E-4	2.33413E-3	3.09946E-6	-9.72657E-7	-9.89537E-10	0.00000E+0	0.00000E+0	1.99790E+0	0.00000E+0
2.17340E+0	-3.13188E-3	6.08448E-4	2.08522E-3	2.62262E-6	-9.73007E-7	-1.16416E-9	0.00000E+0	0.00000E+0	1.99900E+0	0.00000E+0
2.15620E+0	-3.13856E-3	6.08448E-4	1.84418E-3	2.38420E-6	-9.73472E-7	-1.33878E-9	0.00000E+0	0.00000E+0	1.99850E+0	0.00000E+0
2.13910E+0	-3.14237E-3	6.08448E-4	1.50705E-3	2.14578E-6	-9.73880E-7	-1.51341E-9	0.00000E+0	0.00000E+0	2.00110E+0	0.00000E+0
2.12190E+0	-3.14619E-3	6.08448E-4	1.26124E-3	1.90736E-6	-9.74229E-7	-1.74624E-9	0.00000E+0	0.00000E+0	1.99750E+0	0.00000E+0
2.10480E+0	-3.14809E-3	6.08448E-4	9.23399E-4	1.43052E-6	-9.74404E-7	-1.80444E-9	0.00000E+0	0.00000E+0	1.99830E+0	0.00000E+0
2.08760E+0	-3.14809E-3	6.08448E-4	7.79156E-4	9.53682E-7	-9.74578E-7	-1.97907E-9	0.00000E+0	0.00000E+0	1.99590E+0	0.00000E+0
2.07050E+0	-3.14523E-3	6.08448E-4	5.04736E-4	7.15259E-7	-9.74520E-7	-2.03728E-9	0.00000E+0	0.00000E+0	1.99740E+0	0.00000E+0
2.05330E+0	-3.14428E-3	6.08448E-4	3.02555E-4	2.38420E-7	-9.74404E-7	-2.03728E-9	0.00000E+0	0.00000E+0	1.99770E+0	0.00000E+0
2.03620E+0	-3.13856E-3	6.07494E-4	2.51533E-4	2.38420E-7	-9.73938E-7	-2.03728E-9	0.00000E+0	0.00000E+0	2.00060E+0	0.00000E+0
2.01900E+0	-3.12521E-3	6.05587E-4	2.04087E-4	0.00000E+0	-9.73530E-7	-1.97907E-9	0.00000E+0	0.00000E+0	1.99920E+0	0.00000E+0
2.00180E+0	-3.11948E-3	6.04633E-4	2.11955E-4	2.38420E-7	-9.73356E-7	-1.92087E-9	0.00000E+0	0.00000E+0	2.00290E+0	0.00000E+0
1.98470E+0	-3.10709E-3	6.01772E-4	2.29121E-4	4.76841E-7	-9.72890E-7	-1.86266E-9	0.00000E+0	0.00000E+0	1.99930E+0	0.00000E+0
1.96750E+0	-3.06131E-3	5.93189E-4	2.91588E-4	4.76841E-7	-9.72424E-7	-1.74624E-9	0.00000E+0	0.00000E+0	2.00040E+0	0.00000E+0
1.95040E+0	-3.02126E-3	5.86513E-4	4.60388E-4	1.19210E-6	-9.72192E-7	-1.68803E-9	0.00000E+0	0.00000E+0	1.99760E+0	0.00000E+0
1.93320E+0	-2.98502E-3	5.79838E-4	5.79599E-4	1.43052E-6	-9.71901E-7	-1.51341E-9	0.00000E+0	0.00000E+0	1.99770E+0	0.00000E+0
1.91610E+0	-2.91921E-3	5.66486E-4	7.42439E-4	2.14578E-6	-9.71668E-7	-1.45520E-9	0.00000E+0	0.00000E+0	1.99930E+0	0.00000E+0
1.89890E+0	-2.86390E-3	5.55996E-4	1.00160E-3	2.38420E-6	-9.71551E-7	-1.33878E-9	0.00000E+0	0.00000E+0	2.00080E+0	0.00000E+0
1.88180E+0	-2.82671E-3	5.48366E-4	1.15610E-3	2.62262E-6	-9.71493E-7	-1.28058E-9	0.00000E+0	0.00000E+0	2.00030E+0	0.00000E+0
1.86460E+0	-2.75995E-3	5.35015E-4	1.33110E-3	2.62262E-6	-9.71610E-7	-1.16416E-9	0.00000E+0	0.00000E+0	1.99770E+0	0.00000E+0
1.84750E+0	-2.67793E-3	5.19756E-4	1.58311E-3	3.09946E-6	-9.71901E-7	-1.10595E-9	0.00000E+0	0.00000E+0	1.99770E+0	0.00000E+0
1.83030E+0	-2.61118E-3	5.06405E-4	1.85204E-3	3.33787E-6	-9.72192E-7	-1.04775E-9	0.00000E+0	0.00000E+0	2.00050E+0	0.00000E+0
1.81320E+0	-2.57207E-3	4.99729E-4	2.03134E-3	3.57629E-6	-9.72424E-7	-1.04775E-9	0.00000E+0	0.00000E+0	1.99880E+0	0.00000E+0
1.79600E+0	-2.54156E-3	4.93053E-4	2.11932E-3	3.81473E-6	-9.72774E-7	-1.10595E-9	0.00000E+0	0.00000E+0	1.99800E+0	0.00000E+0
1.77890E+0	-2.51962E-3	4.89239E-4	2.16176E-3	4.05314E-6	-9.73123E-7	-1.16416E-9	0.00000E+0	0.00000E+0	2.00080E+0	0.00000E+0
1.76170E+0	-2.51295E-3	4.89239E-4	2.10740E-3	4.29156E-6	-9.73356E-7	-1.22237E-9	0.00000E+0	0.00000E+0	1.99860E+0	0.00000E+0
1.74450E+0	-2.51390E-3	4.89239E-4	1.98270E-3	4.05314E-6	-9.73647E-7	-1.33878E-9	0.00000E+0	0.00000E+0	1.99890E+0	0.00000E+0
1.72740E+0	-2.51772E-3	4.89239E-4	1.76454E-3	3.81473E-6	-9.73821E-7	-1.45520E-9	0.00000E+0	0.00000E+0	1.99930E+0	0.00000E+0
1.71020E+0	-2.51962E-3	4.89239E-4	1.59455E-3	3.57629E-6	-9.74229E-7	-1.68803E-9	0.00000E+0	0.00000E+0	2.00000E+0	0.00000E+0
1.69310E+0	-2.51962E-3	4.88285E-4	1.27459E-3	3.09946E-6	-9.74404E-7	-1.86266E-9	0.00000E+0	0.00000E+0	1.99970E+0	0.00000E+0
1.67590E+0	-2.51867E-3	4.87329E-4	8.63556E-4	2.14578E-6	-9.74345E-7	-1.92087E-9	0.00000E+0	0.00000E+0	1.99780E+0	0.00000E+0
1.65880E+0	-2.51390E-3	4.85422E-4	7.23604E-4	1.43052E-6	-9.74171E-7	-1.97907E-9	0.00000E+0	0.00000E+0	1.99930E+0	0.00000E+0
1.64160E+0	-2.50150E-3	4.83515E-4	5.36922E-4	9.53682E-7	-9.73938E-7	-1.97907E-9	0.00000E+0	0.00000E+0	1.99810E+0	0.00000E+0
1.62450E+0	-2.48720E-3	4.80654E-4	4.31063E-4	7.15259E-7	-9.73705E-7	-1.92087E-9	0.00000E+0	0.00000E+0	1.99800E+0	0.00000E+0
1.60730E+0	-2.45859E-3	4.74932E-4	4.30347E-4	7.15259E-7	-9.73530E-7	-1.86266E-9	0.00000E+0	0.00000E+0	2.00230E+0	0.00000E+0
1.59020E+0	-2.43284E-3	4.70163E-4	4.87329E-4	9.53682E-7	-9.73414E-7	-1.80444E-9	0.00000E+0	0.00000E+0	1.99840E+0	0.00000E+0
1.57300E+0	-2.38802E-3	4.61580E-4	5.74831E-4	1.43052E-6	-9.73356E-7	-1.74624E-9	0.00000E+0	0.00000E+0	1.99760E+0	0.00000E+0
1.55590E+0	-2.30791E-3	4.46321E-4	7.44585E-4	2.14578E-6	-9.73472E-7	-1.68803E-9	0.00000E+0	0.00000E+0	2.00070E+0	0.00000E+0
1.53870E+0	-2.24210E-3	4.33924E-4	1.04023E-3	2.86104E-6	-9.73647E-7	-1.62982E-9	0.00000E+0	0.00000E+0	1.99950E+0	0.00000E+0
1.52150E+0	-2.18679E-3	4.24387E-4	1.26172E-3	3.57629E-6	-9.73763E-7	-1.57161E-9	0.00000E+0	0.00000E+0	1.99770E+0	0.00000E+0
1.50440E+0	-2.14864E-3	4.16758E-4	1.44602E-3	4.05314E-6	-9.73821E-7	-1.51341E-9	0.00000E+0	0.00000E+0	2.00120E+0	0.00000E+0
1.48720E+0	-2.12194E-3	4.11035E-4	1.59074E-3	4.29156E-6	-9.73880E-7	-1.45520E-9	0.00000E+0	0.00000E+0	1.99790E+0	0.00000E+0
1.47010E+0	-2.11145E-3	4.09128E-4	1.66608E-3	4.29156E-6	-9.73880E-7	-1.45520E-9	0.00000E+0	0.00000E+0	1.99810E+0	0.00000E+0
1.45290E+0	-2.10764E-3	4.08174E-4	1.65368E-3	3.81473E-6	-9.73938E-7	-1.51341E-9	0.00000E+0	0.00000E+0	2.00060E+0	0.00000E+0
1.43580E+0	-2.10573E-3	4.07221E-4	1.53185E-3	3.57629E-6	-9.74054E-7	-1.62982E-9	0.00000E+0	0.00000E+0	1.99860E+0	0.00000E+0
1.41860E+0	-2.10191E-3	4.07221E-4	1.32156E-3	2.86104E-6	-9.74112E-7	-1.74624E-9	0.00000E+0	0.00000E+0	1.99990E+0	0.00000E+0
1.40150E+0	-2.09524E-3	4.04360E-4	1.11438E-3	2.62262E-6	-9.74171E-7	-1.80444E-9	0.00000E+0	0.00000E+0	1.99920E+0	0.00000E+0
1.38430E+0	-2.08189E-3	4.02452E-4	8.98603E-4	2.14578E-6	-9.74171E-7	-1.92087E-9	0.00000E+0	0.00000E+0	1.99740E+0	0.00000E+0
1.36720E+0	-2.05804E-3	3.98638E-4	7.20982E-4	1.90736E-6	-9.74112E-7	-1.92087E-9	0.00000E+0	0.00000E+0	1.99890E+0	0.00000E+0
1.35000E+0	-2.03420E-3	3.92916E-4	6.61138E-4	1.66894E-6	-9.74112E-7	-1.92087E-9	0.00000E+0	0.00000E+0	2.00050E+0	0.00000E+0
1.33290E+0	-1.97603E-3	3.81472E-4	7.01431E-4	1.90736E-6	-9.74171E-7	-1.86266E-9	0.00000E+0	0.00000E+0	1.99860E+0	0.00000E+0
1.31570E+0	-1.92166E-3	3.70981E-4	8.51158E-4	2.38420E-6	-9.74345E-7	-1.80444E-9	0.00000E+0	0.00000E+0	2.00140E+0	0.00000E+0
1.29860E+0	-1.87493E-3	3.62398E-4	1.02640E-3	3.09946E-6	-9.74404E-7	-1.74624E-9	0.00000E+0	0.00000E+0	1.99830E+0	0.00000E+0
1.28140E+0	-1.83965E-3	3.55722E-4	1.21785E-3	3.57629E-6	-9.74345E-7	-1.68803E-9	0.00000E+0	0.00000E+0	1.99970E+0	0.00000E+0
1.26420E+0	-1.82057E-3	3.52861E-4	1.35709E-3	4.05314E-6	-9.74229E-7	-1.62982E-9	0.00000E+0	0.00000E+0	1.99850E+0	0.00000E+0
1.24710E+0	-1.81103E-3	3.50954E-4	1.40239E-3	4.05314E-6	-9.74054E-7	-1.62982E-9	0.00000E+0	0.00000E+0	1.99970E+0	0.00000E+0
1.22990E+0	-1.80722E-3	3.50000E-4	1.35923E-3	3.81473E-6	-9.73996E-7	-1.68803E-9	0.00000E+0	0.00000E+0	1.99850E+0	0.00000E+0
1.21280E+0	-1.79482E-3	3.47139E-4	1.29700E-3	3.33787E-6	-9.74112E-7	-1.74624E-9	0.00000E+0	0.00000E+0	1.99750E+0	0.00000E+0
1.19560E+0	-1.77193E-3	3.42371E-4	1.05525E-3	2.62262E-6	-9.74345E-7	-1.86266E-9	0.00000E+0	0.00000E+0	2.00170E+0	0.00000E+0
1.17850E+0	-1.73569E-3	3.34742E-4	8.83583E-4	2.38420E-6	-9.74520E-7	-1.92087E-9	0.00000E+0	0.00000E+0	2.00020E+0	0.00000E+0
1.16130E+0	-1.68420E-3	3.25205E-4	8.50204E-4	2.62262E-6	-9.74695E-7	-1.92087E-9	0.00000E+0	0.00000E+0	1.99960E+0	0.00000E+0
1.14420E+0	-1.64128E-3	3.16622E-4	9.50579E-4	2.86104E-6	-9.74636E-7	-1.80444E-9	0.00000E+0	0.00000E+0	1.99890E+0	0.00000E+0
1.12700E+0	-1.61172E-3	3.11853E-4	1.09793E-3	3.33787E-6	-9.74462E-7	-1.74624E-9	0.00000E+0	0.00000E+0	2.00090E+0	0.00000E+0
1.10990E+0	-1.59550E-3	3.08992E-4	1.22238E-3	3.57629E-6	-9.74287E-7	-1.68803E-9	0.00000E+0	0.00000E+0	1.99790E+0	0.00000E+0
1.09270E+0	-1.58883E-3	3.07085E-4	1.27507E-3	3.57629E-6	-9.74112E-7	-1.68803E-9	0.00000E+0	0.00000E+0	1.99890E+0	0.00000E+0
1.07560E+0	-1.57834E-3	3.05178E-4	1.29939E-3	3.57629E-6	-9.74112E-7	-1.68803E-9	0.00000E+0	0.00000E+0	1.99960E+0	0.00000E+0
1.05840E+0	-1.55736E-3	3.00409E-4	1.23072E-3	3.33787E-6	-9.74287E-7	-1.80444E-9	0.00000E+0	0.00000E+0	1.99840E+0	0.00000E+0
1.04130E+0	-1.51826E-3	2.92780E-4	1.07504E-3	2.86104E-6	-9.74578E-7	-1.92087E-9	0.00000E+0	0.00000E+0	1.99850E+0	0.00000E+0
1.02410E+0	-1.47534E-3	2.85150E-4	9.85868E-4	2.86104E-6	-9.74695E-7	-1.86266E-9	0.00000E+0	0.00000E+0	1.99930E+0	0.00000E+0
1.00690E+0	-1.44196E-3	2.78475E-4	1.03880E-3	3.09946E-6	-9.74578E-7	-1.80444E-9	0.00000E+0	0.00000E+0	2.00070E+0	0.00000E+0
9.89800E-1	-1.42289E-3	2.74660E-4	1.14108E-3	3.57629E-6	-9.74345E-7	-1.74624E-9	0.00000E+0	0.00000E+0	1.99980E+0	0.00000E+0
9.72600E-1	-1.40858E-3	2.71799E-4	1.21237E-3	3.57629E-6	-9.74171E-7	-1.74624E-9	0.00000E+0	0.00000E+0	1.99580E+0	0.00000E+0
9.55500E-1	-1.39237E-3	2.68938E-4	1.23144E-3	3.57629E-6	-9.74229E-7	-1.74624E-9	0.00000E+0	0.00000E+0	2.00090E+0	0.00000E+0
9.38300E-1	-1.36853E-3	2.64170E-4	1.18590E-3	3.09946E-6	-9.74404E-7	-1.80444E-9	0.00000E+0	0.00000E+0	2.00350E+0	0.00000E+0
9.21200E-1	-1.33515E-3	2.57494E-4	1.11891E-3	3.09946E-6	-9.74520E-7	-1.80444E-9	0.00000E+0	0.00000E+0	1.99900E+0	0.00000E+0
9.04000E-1	-1.30463E-3	2.51772E-4	1.09697E-3	3.33787E-6	-9.74462E-7	-1.74624E-9	0.00000E+0	0.00000E+0	1.99920E+0	0.00000E+0
8.86900E-1	-1.27984E-3	2.47004E-4	1.14728E-3	3.57629E-6	-9.74345E-7	-1.74624E-9	0.00000E+0	0.00000E+0	1.99590E+0	0.00000E+0
8.69700E-1	-1.25886E-3	2.43188E-4	1.20450E-3	3.81473E-6	-9.74287E-7	-1.74624E-9	0.00000E+0	0.00000E+0	1.99990E+0	0.00000E+0
8.52600E-1	-1.23406E-3	2.38420E-4	1.20807E-3	3.57629E-6	-9.74462E-7	-1.80444E-9	0.00000E+0	0.00000E+0	1.99900E+0	0.00000E+0
8.35400E-1	-1.20354E-3	2.31744E-4	1.16277E-3	3.57629E-6	-9.74462E-7	-1.80444E-9	0.00000E+0	0.00000E+0	2.00200E+0	0.00000E+0
8.18300E-1	-1.17589E-3	2.26975E-4	1.14370E-3	3.57629E-6	-9.74462E-7	-1.74624E-9	0.00000E+0	0.00000E+0	1.99890E+0	0.00000E+0
8.01100E-1	-1.15014E-3	2.22207E-4	1.17374E-3	3.57629E-6	-9.74404E-7	-1.74624E-9	0.00000E+0	0.00000E+0	1.99780E+0	0.00000E+0
7.83900E-1	-1.12820E-3	2.18392E-4	1.19878E-3	3.81473E-6	-9.74404E-7	-1.74624E-9	0.00000E+0	0.00000E+0	2.00250E+0	0.00000E+0
7.66800E-1	-1.10055E-3	2.11717E-4	1.19925E-3	3.57629E-6	-9.74520E-7	-1.80444E-9	0.00000E+0	0.00000E+0	1.99930E+0	0.00000E+0
7.49600E-1	-1.07003E-3	2.05995E-4	1.16993E-3	3.81473E-6	-9.74462E-7	-1.80444E-9	0.00000E+0	0.00000E+0	1.99880E+0	0.00000E+0
7.32500E-1	-1.04333E-3	2.01226E-4	1.18376E-3	3.81473E-6	-9.74578E-7	-1.80444E-9	0.00000E+0	0.00000E+0	2.00040E+0	0.00000E+0
7.15300E-1	-1.01472E-3	1.95504E-4	1.18089E-3	3.81473E-6	-9.74578E-7	-1.80444E-9	0.00000E+0	0.00000E+0	1.99750E+0	0.00000E+0
6.98200E-1	-9.93736E-4	1.91689E-4	1.16778E-3	3.81473E-6	-9.74520E-7	-1.80444E-9	0.00000E+0	0.00000E+0	1.99940E+0	0.00000E+0
6.81000E-1	-9.68937E-4	1.86921E-4	1.18733E-3	3.81473E-6	-9.74462E-7	-1.80444E-9	0.00000E+0	0.00000E+0	1.99810E+0	0.00000E+0
6.63900E-1	-9.45095E-4	1.82153E-4	1.20259E-3	3.81473E-6	-9.74462E-7	-1.80444E-9	0.00000E+0	0.00000E+0	1.99830E+0	0.00000E+0
6.46700E-1	-9.19346E-4	1.76431E-4	1.20378E-3	3.81473E-6	-9.74520E-7	-1.80444E-9	0.00000E+0	0.00000E+0	1.99810E+0	0.00000E+0
6.29600E-1	-8.92643E-4	1.72616E-4	1.20307E-3	3.81473E-6	-9.74578E-7	-1.80444E-9	0.00000E+0	0.00000E+0	1.99750E+0	0.00000E+0
6.12400E-1	-8.65940E-4	1.66894E-4	1.20641E-3	3.81473E-6	-9.74578E-7	-1.80444E-9	0.00000E+0	0.00000E+0	1.99920E+0	0.00000E+0
5.95300E-1	-8.40191E-4	1.61172E-4	1.20283E-3	3.81473E-6	-9.74578E-7	-1.80444E-9	0.00000E+0	0.00000E+0	2.00120E+0	0.00000E+0
5.78100E-1	-8.14442E-4	1.56404E-4	1.20831E-3	3.81473E-6	-9.74578E-7	-1.80444E-9	0.00000E+0	0.00000E+0	1.99980E+0	0.00000E+0
5.61000E-1	-7.86785E-4	1.51635E-4	1.20545E-3	3.81473E-6	-9.74636E-7	-1.80444E-9	0.00000E+0	0.00000E+0	1.99840E+0	0.00000E+0
5.43800E-1	-7.58175E-4	1.45913E-4	1.20331E-3	4.05314E-6	-9.74695E-7	-1.80444E-9	0.00000E+0	0.00000E+0	2.00110E+0	0.00000E+0
5.26600E-1	-7.28611E-4	1.40191E-4	1.18495E-3	3.81473E-6	-9.74753E-7	-1.86266E-9	0.00000E+0	0.00000E+0	1.99980E+0	0.00000E+0
5.09500E-1	-7.02862E-4	1.35423E-4	1.17398E-3	3.81473E-6	-9.74695E-7	-1.80444E-9	0.00000E+0	0.00000E+0	1.99890E+0	0.00000E+0
4.92300E-1	-6.80927E-4	1.30654E-4	1.18161E-3	4.05314E-6	-9.74695E-7	-1.80444E-9	0.00000E+0	0.00000E+0	1.99960E+0	0.00000E+0
4.75200E-1	-6.56132E-4	1.25886E-4	1.20140E-3	4.05314E-6	-9.74695E-7	-1.80444E-9	0.00000E+0	0.00000E+0	2.00130E+0	0.00000E+0
4.58000E-1	-6.30382E-4	1.21117E-4	1.20021E-3	4.05314E-6	-9.74753E-7	-1.80444E-9	0.00000E+0	0.00000E+0	1.99870E+0	0.00000E+0
4.40900E-1	-6.04633E-4	1.16349E-4	1.20188E-3	4.05314E-6	-9.74753E-7	-1.86266E-9	0.00000E+0	0.00000E+0	1.99710E+0	0.00000E+0
4.23700E-1	-5.78884E-4	1.10627E-4	1.20283E-3	4.05314E-6	-9.74811E-7	-1.86266E-9	0.00000E+0	0.00000E+0	1.99820E+0	0.00000E+0
4.06600E-1	-5.52181E-4	1.05858E-4	1.20307E-3	4.05314E-6	-9.74811E-7	-1.86266E-9	0.00000E+0	0.00000E+0	2.00080E+0	0.00000E+0
3.89400E-1	-5.26432E-4	1.01090E-4	1.20307E-3	4.05314E-6	-9.74811E-7	-1.86266E-9	0.00000E+0	0.00000E+0	1.99940E+0	0.00000E+0
3.72300E-1	-5.00683E-4	9.63216E-5	1.20354E-3	4.05314E-6	-9.74869E-7	-1.86266E-9	0.00000E+0	0.00000E+0	1.99970E+0	0.00000E+0
3.55100E-1	-4.73978E-4	9.05995E-5	1.20140E-3	4.29156E-6	-9.74869E-7	-1.86266E-9	0.00000E+0	0.00000E+0	1.99800E+0	0.00000E+0
3.38000E-1	-4.47275E-4	8.58312E-5	1.19854E-3	4.29156E-6	-9.74869E-7	-1.86266E-9	0.00000E+0	0.00000E+0	1.99910E+0	0.00000E+0
3.21000E-1	-4.21526E-4	8.10628E-5	1.19520E-3	4.29156E-6	-9.74869E-7	-1.92087E-9	0.00000E+0	0.00000E+0	1.99900E+0	0.00000E+0
3.03900E-1	-3.95777E-4	7.53407E-5	1.19782E-3	4.29156E-6	-9.74927E-7	-1.86266E-9	0.00000E+0	0.00000E+0	1.99850E+0	0.00000E+0
2.86700E-1	-3.69074E-4	7.05724E-5	1.19925E-3	4.29156E-6	-9.74927E-7	-1.92087E-9	0.00000E+0	0.00000E+0	2.00030E+0	0.00000E+0
2.69600E-1	-3.43325E-4	6.58040E-5	1.19782E-3	4.29156E-6	-9.74927E-7	-1.92087E-9	0.00000E+0	0.00000E+0	1.99820E+0	0.00000E+0
2.52400E-1	-3.17575E-4	6.10356E-5	1.19711E-3	4.29156E-6	-9.74986E-7	-1.92087E-9	0.00000E+0	0.00000E+0	1.99920E+0	0.00000E+0
2.35300E-1	-2.89919E-4	5.53133E-5	1.19091E-3	4.29156E-6	-9.75044E-7	-1.92087E-9	0.00000E+0	0.00000E+0	2.00030E+0	0.00000E+0
2.18100E-1	-2.64170E-4	5.05450E-5	1.17684E-3	4.29156E-6	-9.75102E-7	-1.92087E-9	0.00000E+0	0.00000E+0	1.99910E+0	0.00000E+0
2.01000E-1	-2.37466E-4	4.57766E-5	1.17183E-3	4.29156E-6	-9.75044E-7	-1.92087E-9	0.00000E+0	0.00000E+0	1.99840E+0	0.00000E+0
1.83800E-1	-2.13624E-4	4.00546E-5	1.17446E-3	4.29156E-6	-9.74986E-7	-1.92087E-9	0.00000E+0	0.00000E+0	2.00040E+0	0.00000E+0
1.66700E-1	-1.86921E-4	3.52862E-5	1.20354E-3	4.29156E-6	-9.75102E-7	-1.92087E-9	0.00000E+0	0.00000E+0	2.00190E+0	0.00000E+0
1.49500E-1	-1.60218E-4	3.05178E-5	1.18805E-3	4.29156E-6	-9.75102E-7	-1.92087E-9	0.00000E+0	0.00000E+0	2.00110E+0	0.00000E+0
1.32300E-1	-1.35423E-4	2.57493E-5	1.17422E-3	4.29156E-6	-9.75044E-7	-1.92087E-9	0.00000E+0	0.00000E+0	1.99820E+0	0.00000E+0
1.15200E-1	-1.08719E-4	2.00273E-5	1.18709E-3	4.52998E-6	-9.75102E-7	-1.92087E-9	0.00000E+0	0.00000E+0	1.99930E+0	0.00000E+0
9.80000E-2	-8.29701E-5	1.52589E-5	1.18113E-3	4.52998E-6	-9.75044E-7	-1.92087E-9	0.00000E+0	0.00000E+0	1.99940E+0	0.00000E+0
8.09000E-2	-5.72207E-5	1.04905E-5	1.19472E-3	4.52998E-6	-9.75044E-7	-1.92087E-9	0.00000E+0	0.00000E+0	2.00210E+0	0.00000E+0
6.37000E-2	-3.14715E-5	5.72208E-6	1.19687E-3	4.52998E-6	-9.75102E-7	-1.92087E-9	0.00000E+0	0.00000E+0	1.99860E+0	1.12430E+0
4.66000E-2	-4.76840E-6	0.00000E+0	1.18805E-3	4.29156E-6	-9.75160E-7	-1.92087E-9	0.00000E+0	0.00000E+0	2.00140E+0	1.12770E+0
2.94000E-2	2.19346E-5	-4.76840E-6	1.16778E-3	4.29156E-6	-9.75160E-7	-1.92087E-9	0.00000E+0	0.00000E+0	1.99890E+0	1.11240E+0
1.23000E-2	4.76839E-5	-9.53680E-6	1.16087E-3	4.29156E-6	-9.75160E-7	-1.92087E-9	0.00000E+0	0.00000E+0	1.99970E+0	1.09870E+0
-4.90000E-3	7.34334E-5	-1.52589E-5	1.16468E-3	4.52998E-6	-9.75160E-7	-1.92087E-9	0.00000E+0	0.00000E+0	1.99720E+0	1.03670E+0
-2.20000E-2	9.91826E-5	-2.00273E-5	1.16254E-3	4.52998E-6	-9.75102E-7	-1.92087E-9	0.00000E+0	0.00000E+0	2.00220E+0	0.00000E+0
-3.92000E-2	1.25886E-4	-2.47956E-5	1.16969E-3	4.52998E-6	-9.75102E-7	-1.92087E-9	0.00000E+0	0.00000E+0	2.00070E+0	0.00000E+0
-5.63000E-2	1.49728E-4	-2.95640E-5	1.17160E-3	4.52998E-6	-9.75044E-7	-1.86266E-9	0.00000E+0	0.00000E+0	2.00260E+0	0.00000E+0
-7.35000E-2	1.55450E-4	-3.05178E-5	1.18209E-3	4.52998E-6	-9.75044E-7	-1.92087E-9	0.00000E+0	0.00000E+0	1.99760E+0	0.00000E+0
-9.06000E-2	1.53542E-4	-3.05178E-5	1.17303E-3	4.52998E-6	-9.75044E-7	-1.86266E-9	0.00000E+0	0.00000E+0	1.99760E+0	0.00000E+0
-1.00000E-1	1.53542E-4	-3.05178E-5	1.17899E-3	4.52998E-6	-9.75044E-7	-1.92087E-9	0.00000E+0	0.00000E+0	1.99880E+0	0.00000E+0
